5.001500
5.003000
5.004500
5.006001
5.007501
5.009001
5.010501
5.012001
5.013501
5.015002
5.016502
5.018002
5.019502
5.021002
5.022502
5.024002
5.025503
5.027003
5.028503
5.030003
5.031503
5.033003
5.034503
5.036004
5.037504
5.039004
5.040504
5.042004
5.043504
5.045005
5.046505
5.048005
5.049505
5.051005
5.052505
5.054005
5.055506
5.057006
5.058506
5.060006
5.061506
5.063006
5.064506
5.066007
5.067507
5.069007
5.070507
5.072007
5.073507
5.075008
5.076508
5.078008
5.079508
5.081008
5.082508
5.084008
5.085509
5.087009
5.088509
5.090009
5.091509
5.093009
5.094509
5.096010
5.097510
5.099010
5.100510
5.102010
5.103510
5.105011
5.106511
5.108011
5.109511
5.111011
5.112511
5.114011
5.115512
5.117012
5.118512
5.120012
5.121512
5.123012
5.124512
5.126013
5.127513
5.129013
5.130513
5.132013
5.133513
5.135014
5.136514
5.138014
5.139514
5.141014
5.142514
5.144014
5.145515
5.147015
5.148515
5.150015
5.151515
5.153015
5.154515
5.156016
5.157516
5.159016
5.160516
5.162016
5.163516
5.165017
5.166517
5.168017
5.169517
5.171017
5.172517
5.174017
5.175518
5.177018
5.178518
5.180018
5.181518
5.183018
5.184518
5.186019
5.187519
5.189019
5.190519
5.192019
5.193519
5.195020
5.196520
5.198020
5.199520
5.201020
5.202520
5.204020
5.205521
5.207021
5.208521
5.210021
5.211521
5.213021
5.214521
5.216022
5.217522
5.219022
5.220522
5.222022
5.223522
5.225023
5.226523
5.228023
5.229523
5.231023
5.232523
5.234023
5.235524
5.237024
5.238524
5.240024
5.241524
5.243024
5.244524
5.246025
5.247525
5.249025
5.250525
5.252025
5.253525
5.255026
5.256526
5.258026
5.259526
5.261026
5.262526
5.264026
5.265527
5.267027
5.268527
5.270027
5.271527
5.273027
5.274527
5.276028
5.277528
5.279028
5.280528
5.282028
5.283528
5.285029
5.286529
5.288029
5.289529
5.291029
5.292529
5.294029
5.295530
5.297030
5.298530
5.300030
5.301530
5.303030
5.304530
5.306031
5.307531
5.309031
5.310531
5.312031
5.313531
5.315032
5.316532
5.318032
5.319532
5.321032
5.322532
5.324032
5.325533
5.327033
5.328533
5.330033
5.331533
5.333033
5.334533
5.336034
5.337534
5.339034
5.340534
5.342034
5.343534
5.345035
5.346535
5.348035
5.349535
5.351035
5.352535
5.354035
5.355536
5.357036
5.358536
5.360036
5.361536
5.363036
5.364536
5.366037
5.367537
5.369037
5.370537
5.372037
5.373537
5.375038
5.376538
5.378038
5.379538
5.381038
5.382538
5.384038
5.385539
5.387039
5.388539
5.390039
5.391539
5.393039
5.394539
5.396040
5.397540
5.399040
5.400540
5.402040
5.403540
5.405041
5.406541
5.408041
5.409541
5.411041
5.412541
5.414041
5.415542
5.417042
5.418542
5.420042
5.421542
5.423042
5.424542
5.426043
5.427543
5.429043
5.430543
5.432043
5.433543
5.435044
5.436544
5.438044
5.439544
5.441044
5.442544
5.444044
5.445545
5.447045
5.448545
5.450045
5.451545
5.453045
5.454545
5.456046
5.457546
5.459046
5.460546
5.462046
5.463546
5.465047
5.466547
5.468047
5.469547
5.471047
5.472547
5.474047
5.475548
5.477048
5.478548
5.480048
5.481548
5.483048
5.484548
5.486049
5.487549
5.489049
5.490549
5.492049
5.493549
5.495050
5.496550
5.498050
5.499550
5.501050
5.502550
5.504050
5.505551
5.507051
5.508551
5.510051
5.511551
5.513051
5.514551
5.516052
5.517552
5.519052
5.520552
5.522052
5.523552
5.525053
5.526553
5.528053
5.529553
5.531053
5.532553
5.534053
5.535554
5.537054
5.538554
5.540054
5.541554
5.543054
5.544554
5.546055
5.547555
5.549055
5.550555
5.552055
5.553555
5.555056
5.556556
5.558056
5.559556
5.561056
5.562556
5.564056
5.565557
5.567057
5.568557
5.570057
5.571557
5.573057
5.574557
5.576058
5.577558
5.579058
5.580558
5.582058
5.583558
5.585059
5.586559
5.588059
5.589559
5.591059
5.592559
5.594059
5.595560
5.597060
5.598560
5.600060
5.601560
5.603060
5.604560
5.606061
5.607561
5.609061
5.610561
5.612061
5.613561
5.615062
5.616562
5.618062
5.619562
5.621062
5.622562
5.624062
5.625563
5.627063
5.628563
5.630063
5.631563
5.633063
5.634563
5.636064
5.637564
5.639064
5.640564
5.642064
5.643564
5.645065
5.646565
5.648065
5.649565
5.651065
5.652565
5.654065
5.655566
5.657066
5.658566
5.660066
5.661566
5.663066
5.664566
5.666067
5.667567
5.669067
5.670567
5.672067
5.673567
5.675068
5.676568
5.678068
5.679568
5.681068
5.682568
5.684068
5.685569
5.687069
5.688569
5.690069
5.691569
5.693069
5.694569
5.696070
5.697570
5.699070
5.700570
5.702070
5.703570
5.705071
5.706571
5.708071
5.709571
5.711071
5.712571
5.714071
5.715572
5.717072
5.718572
5.720072
5.721572
5.723072
5.724572
5.726073
5.727573
5.729073
5.730573
5.732073
5.733573
5.735074
5.736574
5.738074
5.739574
5.741074
5.742574
5.744074
5.745575
5.747075
5.748575
5.750075
5.751575
5.753075
5.754575
5.756076
5.757576
5.759076
5.760576
5.762076
5.763576
5.765077
5.766577
5.768077
5.769577
5.771077
5.772577
5.774077
5.775578
5.777078
5.778578
5.780078
5.781578
5.783078
5.784578
5.786079
5.787579
5.789079
5.790579
5.792079
5.793579
5.795080
5.796580
5.798080
5.799580
5.801080
5.802580
5.804080
5.805581
5.807081
5.808581
5.810081
5.811581
5.813081
5.814581
5.816082
5.817582
5.819082
5.820582
5.822082
5.823582
5.825083
5.826583
5.828083
5.829583
5.831083
5.832583
5.834083
5.835584
5.837084
5.838584
5.840084
5.841584
5.843084
5.844584
5.846085
5.847585
5.849085
5.850585
5.852085
5.853585
5.855086
5.856586
5.858086
5.859586
5.861086
5.862586
5.864086
5.865587
5.867087
5.868587
5.870087
5.871587
5.873087
5.874587
5.876088
5.877588
5.879088
5.880588
5.882088
5.883588
5.885089
5.886589
5.888089
5.889589
5.891089
5.892589
5.894089
5.895590
5.897090
5.898590
5.900090
5.901590
5.903090
5.904590
5.906091
5.907591
5.909091
5.910591
5.912091
5.913591
5.915092
5.916592
5.918092
5.919592
5.921092
5.922592
5.924092
5.925593
5.927093
5.928593
5.930093
5.931593
5.933093
5.934593
5.936094
5.937594
5.939094
5.940594
5.942094
5.943594
5.945095
5.946595
5.948095
5.949595
5.951095
5.952595
5.954095
5.955596
5.957096
5.958596
5.960096
5.961596
5.963096
5.964596
5.966097
5.967597
5.969097
5.970597
5.972097
5.973597
5.975098
5.976598
5.978098
5.979598
5.981098
5.982598
5.984098
5.985599
5.987099
5.988599
5.990099
5.991599
5.993099
5.994599
5.996100
5.997600
5.999100
6.000600
6.002100
6.003600
6.005101
6.006601
6.008101
6.009601
6.011101
6.012601
6.014101
6.015602
6.017102
6.018602
6.020102
6.021602
6.023102
6.024602
6.026103
6.027603
6.029103
6.030603
6.032103
6.033603
6.035104
6.036604
6.038104
6.039604
6.041104
6.042604
6.044104
6.045605
6.047105
6.048605
6.050105
6.051605
6.053105
6.054605
6.056106
6.057606
6.059106
6.060606
6.062106
6.063606
6.065107
6.066607
6.068107
6.069607
6.071107
6.072607
6.074107
6.075608
6.077108
6.078608
6.080108
6.081608
6.083108
6.084608
6.086109
6.087609
6.089109
6.090609
6.092109
6.093609
6.095110
6.096610
6.098110
6.099610
6.101110
6.102610
6.104110
6.105611
6.107111
6.108611
6.110111
6.111611
6.113111
6.114611
6.116112
6.117612
6.119112
6.120612
6.122112
6.123612
6.125113
6.126613
6.128113
6.129613
6.131113
6.132613
6.134113
6.135614
6.137114
6.138614
6.140114
6.141614
6.143114
6.144614
6.146115
6.147615
6.149115
6.150615
6.152115
6.153615
6.155116
6.156616
6.158116
6.159616
6.161116
6.162616
6.164116
6.165617
6.167117
6.168617
6.170117
6.171617
6.173117
6.174617
6.176118
6.177618
6.179118
6.180618
6.182118
6.183618
6.185119
6.186619
6.188119
6.189619
6.191119
6.192619
6.194119
6.195620
6.197120
6.198620
6.200120
6.201620
6.203120
6.204620
6.206121
6.207621
6.209121
6.210621
6.212121
6.213621
6.215122
6.216622
6.218122
6.219622
6.221122
6.222622
6.224122
6.225623
6.227123
6.228623
6.230123
6.231623
6.233123
6.234623
6.236124
6.237624
6.239124
6.240624
6.242124
6.243624
6.245125
6.246625
6.248125
6.249625
6.251125
6.252625
6.254125
6.255626
6.257126
6.258626
6.260126
6.261626
6.263126
6.264626
6.266127
6.267627
6.269127
6.270627
6.272127
6.273627
6.275128
6.276628
6.278128
6.279628
6.281128
6.282628
6.284128
6.285629
6.287129
6.288629
6.290129
6.291629
6.293129
6.294629
6.296130
6.297630
6.299130
6.300630
6.302130
6.303630
6.305131
6.306631
6.308131
6.309631
6.311131
6.312631
6.314131
6.315632
6.317132
6.318632
6.320132
6.321632
6.323132
6.324632
6.326133
6.327633
6.329133
6.330633
6.332133
6.333633
6.335134
6.336634
6.338134
6.339634
6.341134
6.342634
6.344134
6.345635
6.347135
6.348635
6.350135
6.351635
6.353135
6.354635
6.356136
6.357636
6.359136
6.360636
6.362136
6.363636
6.365137
6.366637
6.368137
6.369637
6.371137
6.372637
6.374137
6.375638
6.377138
6.378638
6.380138
6.381638
6.383138
6.384638
6.386139
6.387639
6.389139
6.390639
6.392139
6.393639
6.395140
6.396640
6.398140
6.399640
6.401140
6.402640
6.404140
6.405641
6.407141
6.408641
6.410141
6.411641
6.413141
6.414641
6.416142
6.417642
6.419142
6.420642
6.422142
6.423642
6.425143
6.426643
6.428143
6.429643
6.431143
6.432643
6.434143
6.435644
6.437144
6.438644
6.440144
6.441644
6.443144
6.444644
6.446145
6.447645
6.449145
6.450645
6.452145
6.453645
6.455146
6.456646
6.458146
6.459646
6.461146
6.462646
6.464146
6.465647
6.467147
6.468647
6.470147
6.471647
6.473147
6.474647
6.476148
6.477648
6.479148
6.480648
6.482148
6.483648
6.485149
6.486649
6.488149
6.489649
6.491149
6.492649
6.494149
6.495650
6.497150
6.498650
6.500150
6.501650
6.503150
6.504650
6.506151
6.507651
6.509151
6.510651
6.512151
6.513651
6.515152
6.516652
6.518152
6.519652
6.521152
6.522652
6.524152
6.525653
6.527153
6.528653
6.530153
6.531653
6.533153
6.534653
6.536154
6.537654
6.539154
6.540654
6.542154
6.543654
6.545155
6.546655
6.548155
6.549655
6.551155
6.552655
6.554155
6.555656
6.557156
6.558656
6.560156
6.561656
6.563156
6.564656
6.566157
6.567657
6.569157
6.570657
6.572157
6.573657
6.575158
6.576658
6.578158
6.579658
6.581158
6.582658
6.584158
6.585659
6.587159
6.588659
6.590159
6.591659
6.593159
6.594659
6.596160
6.597660
6.599160
6.600660
6.602160
6.603660
6.605161
6.606661
6.608161
6.609661
6.611161
6.612661
6.614161
6.615662
6.617162
6.618662
6.620162
6.621662
6.623162
6.624662
6.626163
6.627663
6.629163
6.630663
6.632163
6.633663
6.635164
6.636664
6.638164
6.639664
6.641164
6.642664
6.644164
6.645665
6.647165
6.648665
6.650165
6.651665
6.653165
6.654665
6.656166
6.657666
6.659166
6.660666
6.662166
6.663666
6.665167
6.666667
6.668167
6.669667
6.671167
6.672667
6.674167
6.675668
6.677168
6.678668
6.680168
6.681668
6.683168
6.684668
6.686169
6.687669
6.689169
6.690669
6.692169
6.693669
6.695170
6.696670
6.698170
6.699670
6.701170
6.702670
6.704170
6.705671
6.707171
6.708671
6.710171
6.711671
6.713171
6.714671
6.716172
6.717672
6.719172
6.720672
6.722172
6.723672
6.725173
6.726673
6.728173
6.729673
6.731173
6.732673
6.734173
6.735674
6.737174
6.738674
6.740174
6.741674
6.743174
6.744674
6.746175
6.747675
6.749175
6.750675
6.752175
6.753675
6.755176
6.756676
6.758176
6.759676
6.761176
6.762676
6.764176
6.765677
6.767177
6.768677
6.770177
6.771677
6.773177
6.774677
6.776178
6.777678
6.779178
6.780678
6.782178
6.783678
6.785179
6.786679
6.788179
6.789679
6.791179
6.792679
6.794179
6.795680
6.797180
6.798680
6.800180
6.801680
6.803180
6.804680
6.806181
6.807681
6.809181
6.810681
6.812181
6.813681
6.815182
6.816682
6.818182
6.819682
6.821182
6.822682
6.824182
6.825683
6.827183
6.828683
6.830183
6.831683
6.833183
6.834683
6.836184
6.837684
6.839184
6.840684
6.842184
6.843684
6.845185
6.846685
6.848185
6.849685
6.851185
6.852685
6.854185
6.855686
6.857186
6.858686
6.860186
6.861686
6.863186
6.864686
6.866187
6.867687
6.869187
6.870687
6.872187
6.873687
6.875188
6.876688
6.878188
6.879688
6.881188
6.882688
6.884188
6.885689
6.887189
6.888689
6.890189
6.891689
6.893189
6.894689
6.896190
6.897690
6.899190
6.900690
6.902190
6.903690
6.905191
6.906691
6.908191
6.909691
6.911191
6.912691
6.914191
6.915692
6.917192
6.918692
6.920192
6.921692
6.923192
6.924692
6.926193
6.927693
6.929193
6.930693
6.932193
6.933693
6.935194
6.936694
6.938194
6.939694
6.941194
6.942694
6.944194
6.945695
6.947195
6.948695
6.950195
6.951695
6.953195
6.954695
6.956196
6.957696
6.959196
6.960696
6.962196
6.963696
6.965197
6.966697
6.968197
6.969697
6.971197
6.972697
6.974197
6.975698
6.977198
6.978698
6.980198
6.981698
6.983198
6.984698
6.986199
6.987699
6.989199
6.990699
6.992199
6.993699
6.995200
6.996700
6.998200
6.999700
7.001200
7.002700
7.004200
7.005701
7.007201
7.008701
7.010201
7.011701
7.013201
7.014701
7.016202
7.017702
7.019202
7.020702
7.022202
7.023702
7.025203
7.026703
7.028203
7.029703
7.031203
7.032703
7.034203
7.035704
7.037204
7.038704
7.040204
7.041704
7.043204
7.044704
7.046205
7.047705
7.049205
7.050705
7.052205
7.053705
7.055206
7.056706
7.058206
7.059706
7.061206
7.062706
7.064206
7.065707
7.067207
7.068707
7.070207
7.071707
7.073207
7.074707
7.076208
7.077708
7.079208
7.080708
7.082208
7.083708
7.085209
7.086709
7.088209
7.089709
7.091209
7.092709
7.094209
7.095710
7.097210
7.098710
7.100210
7.101710
7.103210
7.104710
7.106211
7.107711
7.109211
7.110711
7.112211
7.113711
7.115212
7.116712
7.118212
7.119712
7.121212
7.122712
7.124212
7.125713
7.127213
7.128713
7.130213
7.131713
7.133213
7.134713
7.136214
7.137714
7.139214
7.140714
7.142214
7.143714
7.145215
7.146715
7.148215
7.149715
7.151215
7.152715
7.154215
7.155716
7.157216
7.158716
7.160216
7.161716
7.163216
7.164716
7.166217
7.167717
7.169217
7.170717
7.172217
7.173717
7.175218
7.176718
7.178218
7.179718
7.181218
7.182718
7.184218
7.185719
7.187219
7.188719
7.190219
7.191719
7.193219
7.194719
7.196220
7.197720
7.199220
7.200720
7.202220
7.203720
7.205221
7.206721
7.208221
7.209721
7.211221
7.212721
7.214221
7.215722
7.217222
7.218722
7.220222
7.221722
7.223222
7.224722
7.226223
7.227723
7.229223
7.230723
7.232223
7.233723
7.235224
7.236724
7.238224
7.239724
7.241224
7.242724
7.244224
7.245725
7.247225
7.248725
7.250225
7.251725
7.253225
7.254725
7.256226
7.257726
7.259226
7.260726
7.262226
7.263726
7.265227
7.266727
7.268227
7.269727
7.271227
7.272727
7.274227
7.275728
7.277228
7.278728
7.280228
7.281728
7.283228
7.284728
7.286229
7.287729
7.289229
7.290729
7.292229
7.293729
7.295230
7.296730
7.298230
7.299730
7.301230
7.302730
7.304230
7.305731
7.307231
7.308731
7.310231
7.311731
7.313231
7.314731
7.316232
7.317732
7.319232
7.320732
7.322232
7.323732
7.325233
7.326733
7.328233
7.329733
7.331233
7.332733
7.334233
7.335734
7.337234
7.338734
7.340234
7.341734
7.343234
7.344734
7.346235
7.347735
7.349235
7.350735
7.352235
7.353735
7.355236
7.356736
7.358236
7.359736
7.361236
7.362736
7.364236
7.365737
7.367237
7.368737
7.370237
7.371737
7.373237
7.374737
7.376238
7.377738
7.379238
7.380738
7.382238
7.383738
7.385239
7.386739
7.388239
7.389739
7.391239
7.392739
7.394239
7.395740
7.397240
7.398740
7.400240
7.401740
7.403240
7.404740
7.406241
7.407741
7.409241
7.410741
7.412241
7.413741
7.415242
7.416742
7.418242
7.419742
7.421242
7.422742
7.424242
7.425743
7.427243
7.428743
7.430243
7.431743
7.433243
7.434743
7.436244
7.437744
7.439244
7.440744
7.442244
7.443744
7.445245
7.446745
7.448245
7.449745
7.451245
7.452745
7.454245
7.455746
7.457246
7.458746
7.460246
7.461746
7.463246
7.464746
7.466247
7.467747
7.469247
7.470747
7.472247
7.473747
7.475248
7.476748
7.478248
7.479748
7.481248
7.482748
7.484248
7.485749
7.487249
7.488749
7.490249
7.491749
7.493249
7.494749
7.496250
7.497750
7.499250
7.500750
7.502250
7.503750
7.505251
7.506751
7.508251
7.509751
7.511251
7.512751
7.514251
7.515752
7.517252
7.518752
7.520252
7.521752
7.523252
7.524752
7.526253
7.527753
7.529253
7.530753
7.532253
7.533753
7.535254
7.536754
7.538254
7.539754
7.541254
7.542754
7.544254
7.545755
7.547255
7.548755
7.550255
7.551755
7.553255
7.554755
7.556256
7.557756
7.559256
7.560756
7.562256
7.563756
7.565257
7.566757
7.568257
7.569757
7.571257
7.572757
7.574257
7.575758
7.577258
7.578758
7.580258
7.581758
7.583258
7.584758
7.586259
7.587759
7.589259
7.590759
7.592259
7.593759
7.595260
7.596760
7.598260
7.599760
7.601260
7.602760
7.604260
7.605761
7.607261
7.608761
7.610261
7.611761
7.613261
7.614761
7.616262
7.617762
7.619262
7.620762
7.622262
7.623762
7.625263
7.626763
7.628263
7.629763
7.631263
7.632763
7.634263
7.635764
7.637264
7.638764
7.640264
7.641764
7.643264
7.644764
7.646265
7.647765
7.649265
7.650765
7.652265
7.653765
7.655266
7.656766
7.658266
7.659766
7.661266
7.662766
7.664266
7.665767
7.667267
7.668767
7.670267
7.671767
7.673267
7.674767
7.676268
7.677768
7.679268
7.680768
7.682268
7.683768
7.685269
7.686769
7.688269
7.689769
7.691269
7.692769
7.694269
7.695770
7.697270
7.698770
7.700270
7.701770
7.703270
7.704770
7.706271
7.707771
7.709271
7.710771
7.712271
7.713771
7.715272
7.716772
7.718272
7.719772
7.721272
7.722772
7.724272
7.725773
7.727273
7.728773
7.730273
7.731773
7.733273
7.734773
7.736274
7.737774
7.739274
7.740774
7.742274
7.743774
7.745275
7.746775
7.748275
7.749775
7.751275
7.752775
7.754275
7.755776
7.757276
7.758776
7.760276
7.761776
7.763276
7.764776
7.766277
7.767777
7.769277
7.770777
7.772277
7.773777
7.775278
7.776778
7.778278
7.779778
7.781278
7.782778
7.784278
7.785779
7.787279
7.788779
7.790279
7.791779
7.793279
7.794779
7.796280
7.797780
7.799280
7.800780
7.802280
7.803780
7.805281
7.806781
7.808281
7.809781
7.811281
7.812781
7.814281
7.815782
7.817282
7.818782
7.820282
7.821782
7.823282
7.824782
7.826283
7.827783
7.829283
7.830783
7.832283
7.833783
7.835284
7.836784
7.838284
7.839784
7.841284
7.842784
7.844284
7.845785
7.847285
7.848785
7.850285
7.851785
7.853285
7.854785
7.856286
7.857786
7.859286
7.860786
7.862286
7.863786
7.865287
7.866787
7.868287
7.869787
7.871287
7.872787
7.874287
7.875788
7.877288
7.878788
7.880288
7.881788
7.883288
7.884788
7.886289
7.887789
7.889289
7.890789
7.892289
7.893789
7.895290
7.896790
7.898290
7.899790
7.901290
7.902790
7.904290
7.905791
7.907291
7.908791
7.910291
7.911791
7.913291
7.914791
7.916292
7.917792
7.919292
7.920792
7.922292
7.923792
7.925293
7.926793
7.928293
7.929793
7.931293
7.932793
7.934293
7.935794
7.937294
7.938794
7.940294
7.941794
7.943294
7.944794
7.946295
7.947795
7.949295
7.950795
7.952295
7.953795
7.955296
7.956796
7.958296
7.959796
7.961296
7.962796
7.964296
7.965797
7.967297
7.968797
7.970297
7.971797
7.973297
7.974797
7.976298
7.977798
7.979298
7.980798
7.982298
7.983798
7.985299
7.986799
7.988299
7.989799
7.991299
7.992799
7.994299
7.995800
7.997300
7.998800
8.000300
8.001800
8.003300
8.004800
8.006301
8.007801
8.009301
8.010801
8.012301
8.013801
8.015302
8.016802
8.018302
8.019802
8.021302
8.022802
8.024302
8.025803
8.027303
8.028803
8.030303
8.031803
8.033303
8.034803
8.036304
8.037804
8.039304
8.040804
8.042304
8.043804
8.045305
8.046805
8.048305
8.049805
8.051305
8.052805
8.054305
8.055806
8.057306
8.058806
8.060306
8.061806
8.063306
8.064806
8.066307
8.067807
8.069307
8.070807
8.072307
8.073807
8.075308
8.076808
8.078308
8.079808
8.081308
8.082808
8.084308
8.085809
8.087309
8.088809
8.090309
8.091809
8.093309
8.094809
8.096310
8.097810
8.099310
8.100810
8.102310
8.103810
8.105311
8.106811
8.108311
8.109811
8.111311
8.112811
8.114311
8.115812
8.117312
8.118812
8.120312
8.121812
8.123312
8.124812
8.126313
8.127813
8.129313
8.130813
8.132313
8.133813
8.135314
8.136814
8.138314
8.139814
8.141314
8.142814
8.144314
8.145815
8.147315
8.148815
8.150315
8.151815
8.153315
8.154815
8.156316
8.157816
8.159316
8.160816
8.162316
8.163816
8.165317
8.166817
8.168317
8.169817
8.171317
8.172817
8.174317
8.175818
8.177318
8.178818
8.180318
8.181818
8.183318
8.184818
8.186319
8.187819
8.189319
8.190819
8.192319
8.193819
8.195320
8.196820
8.198320
8.199820
8.201320
8.202820
8.204320
8.205821
8.207321
8.208821
8.210321
8.211821
8.213321
8.214821
8.216322
8.217822
8.219322
8.220822
8.222322
8.223822
8.225323
8.226823
8.228323
8.229823
8.231323
8.232823
8.234323
8.235824
8.237324
8.238824
8.240324
8.241824
8.243324
8.244824
8.246325
8.247825
8.249325
8.250825
8.252325
8.253825
8.255326
8.256826
8.258326
8.259826
8.261326
8.262826
8.264326
8.265827
8.267327
8.268827
8.270327
8.271827
8.273327
8.274827
8.276328
8.277828
8.279328
8.280828
8.282328
8.283828
8.285329
8.286829
8.288329
8.289829
8.291329
8.292829
8.294329
8.295830
8.297330
8.298830
8.300330
8.301830
8.303330
8.304830
8.306331
8.307831
8.309331
8.310831
8.312331
8.313831
8.315332
8.316832
8.318332
8.319832
8.321332
8.322832
8.324332
8.325833
8.327333
8.328833
8.330333
8.331833
8.333333
8.334833
8.336334
8.337834
8.339334
8.340834
8.342334
8.343834
8.345335
8.346835
8.348335
8.349835
8.351335
8.352835
8.354335
8.355836
8.357336
8.358836
8.360336
8.361836
8.363336
8.364836
8.366337
8.367837
8.369337
8.370837
8.372337
8.373837
8.375338
8.376838
8.378338
8.379838
8.381338
8.382838
8.384338
8.385839
8.387339
8.388839
8.390339
8.391839
8.393339
8.394839
8.396340
8.397840
8.399340
8.400840
8.402340
8.403840
8.405341
8.406841
8.408341
8.409841
8.411341
8.412841
8.414341
8.415842
8.417342
8.418842
8.420342
8.421842
8.423342
8.424842
8.426343
8.427843
8.429343
8.430843
8.432343
8.433843
8.435344
8.436844
8.438344
8.439844
8.441344
8.442844
8.444344
8.445845
8.447345
8.448845
8.450345
8.451845
8.453345
8.454845
8.456346
8.457846
8.459346
8.460846
8.462346
8.463846
8.465347
8.466847
8.468347
8.469847
8.471347
8.472847
8.474347
8.475848
8.477348
8.478848
8.480348
8.481848
8.483348
8.484848
8.486349
8.487849
8.489349
8.490849
8.492349
8.493849
8.495350
8.496850
8.498350
8.499850
8.501350
8.502850
8.504350
8.505851
8.507351
8.508851
8.510351
8.511851
8.513351
8.514851
8.516352
8.517852
8.519352
8.520852
8.522352
8.523852
8.525353
8.526853
8.528353
8.529853
8.531353
8.532853
8.534353
8.535854
8.537354
8.538854
8.540354
8.541854
8.543354
8.544854
8.546355
8.547855
8.549355
8.550855
8.552355
8.553855
8.555356
8.556856
8.558356
8.559856
8.561356
8.562856
8.564356
8.565857
8.567357
8.568857
8.570357
8.571857
8.573357
8.574857
8.576358
8.577858
8.579358
8.580858
8.582358
8.583858
8.585359
8.586859
8.588359
8.589859
8.591359
8.592859
8.594359
8.595860
8.597360
8.598860
8.600360
8.601860
8.603360
8.604860
8.606361
8.607861
8.609361
8.610861
8.612361
8.613861
8.615362
8.616862
8.618362
8.619862
8.621362
8.622862
8.624362
8.625863
8.627363
8.628863
8.630363
8.631863
8.633363
8.634863
8.636364
8.637864
8.639364
8.640864
8.642364
8.643864
8.645365
8.646865
8.648365
8.649865
8.651365
8.652865
8.654365
8.655866
8.657366
8.658866
8.660366
8.661866
8.663366
8.664866
8.666367
8.667867
8.669367
8.670867
8.672367
8.673867
8.675368
8.676868
8.678368
8.679868
8.681368
8.682868
8.684368
8.685869
8.687369
8.688869
8.690369
8.691869
8.693369
8.694869
8.696370
8.697870
8.699370
8.700870
8.702370
8.703870
8.705371
8.706871
8.708371
8.709871
8.711371
8.712871
8.714371
8.715872
8.717372
8.718872
8.720372
8.721872
8.723372
8.724872
8.726373
8.727873
8.729373
8.730873
8.732373
8.733873
8.735374
8.736874
8.738374
8.739874
8.741374
8.742874
8.744374
8.745875
8.747375
8.748875
8.750375
8.751875
8.753375
8.754875
8.756376
8.757876
8.759376
8.760876
8.762376
8.763876
8.765377
8.766877
8.768377
8.769877
8.771377
8.772877
8.774377
8.775878
8.777378
8.778878
8.780378
8.781878
8.783378
8.784878
8.786379
8.787879
8.789379
8.790879
8.792379
8.793879
8.795380
8.796880
8.798380
8.799880
8.801380
8.802880
8.804380
8.805881
8.807381
8.808881
8.810381
8.811881
8.813381
8.814881
8.816382
8.817882
8.819382
8.820882
8.822382
8.823882
8.825383
8.826883
8.828383
8.829883
8.831383
8.832883
8.834383
8.835884
8.837384
8.838884
8.840384
8.841884
8.843384
8.844884
8.846385
8.847885
8.849385
8.850885
8.852385
8.853885
8.855386
8.856886
8.858386
8.859886
8.861386
8.862886
8.864386
8.865887
8.867387
8.868887
8.870387
8.871887
8.873387
8.874887
8.876388
8.877888
8.879388
8.880888
8.882388
8.883888
8.885389
8.886889
8.888389
8.889889
8.891389
8.892889
8.894389
8.895890
8.897390
8.898890
8.900390
8.901890
8.903390
8.904890
8.906391
8.907891
8.909391
8.910891
8.912391
8.913891
8.915392
8.916892
8.918392
8.919892
8.921392
8.922892
8.924392
8.925893
8.927393
8.928893
8.930393
8.931893
8.933393
8.934893
8.936394
8.937894
8.939394
8.940894
8.942394
8.943894
8.945395
8.946895
8.948395
8.949895
8.951395
8.952895
8.954395
8.955896
8.957396
8.958896
8.960396
8.961896
8.963396
8.964896
8.966397
8.967897
8.969397
8.970897
8.972397
8.973897
8.975398
8.976898
8.978398
8.979898
8.981398
8.982898
8.984398
8.985899
8.987399
8.988899
8.990399
8.991899
8.993399
8.994899
8.996400
8.997900
8.999400
9.000900
9.002400
9.003900
9.005401
9.006901
9.008401
9.009901
9.011401
9.012901
9.014401
9.015902
9.017402
9.018902
9.020402
9.021902
9.023402
9.024902
9.026403
9.027903
9.029403
9.030903
9.032403
9.033903
9.035404
9.036904
9.038404
9.039904
9.041404
9.042904
9.044404
9.045905
9.047405
9.048905
9.050405
9.051905
9.053405
9.054905
9.056406
9.057906
9.059406
9.060906
9.062406
9.063906
9.065407
9.066907
9.068407
9.069907
9.071407
9.072907
9.074407
9.075908
9.077408
9.078908
9.080408
9.081908
9.083408
9.084908
9.086409
9.087909
9.089409
9.090909
9.092409
9.093909
9.095410
9.096910
9.098410
9.099910
9.101410
9.102910
9.104410
9.105911
9.107411
9.108911
9.110411
9.111911
9.113411
9.114911
9.116412
9.117912
9.119412
9.120912
9.122412
9.123912
9.125413
9.126913
9.128413
9.129913
9.131413
9.132913
9.134413
9.135914
9.137414
9.138914
9.140414
9.141914
9.143414
9.144914
9.146415
9.147915
9.149415
9.150915
9.152415
9.153915
9.155416
9.156916
9.158416
9.159916
9.161416
9.162916
9.164416
9.165917
9.167417
9.168917
9.170417
9.171917
9.173417
9.174917
9.176418
9.177918
9.179418
9.180918
9.182418
9.183918
9.185419
9.186919
9.188419
9.189919
9.191419
9.192919
9.194419
9.195920
9.197420
9.198920
9.200420
9.201920
9.203420
9.204920
9.206421
9.207921
9.209421
9.210921
9.212421
9.213921
9.215422
9.216922
9.218422
9.219922
9.221422
9.222922
9.224422
9.225923
9.227423
9.228923
9.230423
9.231923
9.233423
9.234923
9.236424
9.237924
9.239424
9.240924
9.242424
9.243924
9.245425
9.246925
9.248425
9.249925
9.251425
9.252925
9.254425
9.255926
9.257426
9.258926
9.260426
9.261926
9.263426
9.264926
9.266427
9.267927
9.269427
9.270927
9.272427
9.273927
9.275428
9.276928
9.278428
9.279928
9.281428
9.282928
9.284428
9.285929
9.287429
9.288929
9.290429
9.291929
9.293429
9.294929
9.296430
9.297930
9.299430
9.300930
9.302430
9.303930
9.305431
9.306931
9.308431
9.309931
9.311431
9.312931
9.314431
9.315932
9.317432
9.318932
9.320432
9.321932
9.323432
9.324932
9.326433
9.327933
9.329433
9.330933
9.332433
9.333933
9.335434
9.336934
9.338434
9.339934
9.341434
9.342934
9.344434
9.345935
9.347435
9.348935
9.350435
9.351935
9.353435
9.354935
9.356436
9.357936
9.359436
9.360936
9.362436
9.363936
9.365437
9.366937
9.368437
9.369937
9.371437
9.372937
9.374437
9.375938
9.377438
9.378938
9.380438
9.381938
9.383438
9.384938
9.386439
9.387939
9.389439
9.390939
9.392439
9.393939
9.395440
9.396940
9.398440
9.399940
9.401440
9.402940
9.404440
9.405941
9.407441
9.408941
9.410441
9.411941
9.413441
9.414941
9.416442
9.417942
9.419442
9.420942
9.422442
9.423942
9.425443
9.426943
9.428443
9.429943
9.431443
9.432943
9.434443
9.435944
9.437444
9.438944
9.440444
9.441944
9.443444
9.444944
9.446445
9.447945
9.449445
9.450945
9.452445
9.453945
9.455446
9.456946
9.458446
9.459946
9.461446
9.462946
9.464446
9.465947
9.467447
9.468947
9.470447
9.471947
9.473447
9.474947
9.476448
9.477948
9.479448
9.480948
9.482448
9.483948
9.485449
9.486949
9.488449
9.489949
9.491449
9.492949
9.494449
9.495950
9.497450
9.498950
9.500450
9.501950
9.503450
9.504950
9.506451
9.507951
9.509451
9.510951
9.512451
9.513951
9.515452
9.516952
9.518452
9.519952
9.521452
9.522952
9.524452
9.525953
9.527453
9.528953
9.530453
9.531953
9.533453
9.534953
9.536454
9.537954
9.539454
9.540954
9.542454
9.543954
9.545455
9.546955
9.548455
9.549955
9.551455
9.552955
9.554455
9.555956
9.557456
9.558956
9.560456
9.561956
9.563456
9.564956
9.566457
9.567957
9.569457
9.570957
9.572457
9.573957
9.575458
9.576958
9.578458
9.579958
9.581458
9.582958
9.584458
9.585959
9.587459
9.588959
9.590459
9.591959
9.593459
9.594959
9.596460
9.597960
9.599460
9.600960
9.602460
9.603960
9.605461
9.606961
9.608461
9.609961
9.611461
9.612961
9.614461
9.615962
9.617462
9.618962
9.620462
9.621962
9.623462
9.624962
9.626463
9.627963
9.629463
9.630963
9.632463
9.633963
9.635464
9.636964
9.638464
9.639964
9.641464
9.642964
9.644464
9.645965
9.647465
9.648965
9.650465
9.651965
9.653465
9.654965
9.656466
9.657966
9.659466
9.660966
9.662466
9.663966
9.665467
9.666967
9.668467
9.669967
9.671467
9.672967
9.674467
9.675968
9.677468
9.678968
9.680468
9.681968
9.683468
9.684968
9.686469
9.687969
9.689469
9.690969
9.692469
9.693969
9.695470
9.696970
9.698470
9.699970
9.701470
9.702970
9.704470
9.705971
9.707471
9.708971
9.710471
9.711971
9.713471
9.714971
9.716472
9.717972
9.719472
9.720972
9.722472
9.723972
9.725473
9.726973
9.728473
9.729973
9.731473
9.732973
9.734473
9.735974
9.737474
9.738974
9.740474
9.741974
9.743474
9.744974
9.746475
9.747975
9.749475
9.750975
9.752475
9.753975
9.755476
9.756976
9.758476
9.759976
9.761476
9.762976
9.764476
9.765977
9.767477
9.768977
9.770477
9.771977
9.773477
9.774977
9.776478
9.777978
9.779478
9.780978
9.782478
9.783978
9.785479
9.786979
9.788479
9.789979
9.791479
9.792979
9.794479
9.795980
9.797480
9.798980
9.800480
9.801980
9.803480
9.804980
9.806481
9.807981
9.809481
9.810981
9.812481
9.813981
9.815482
9.816982
9.818482
9.819982
9.821482
9.822982
9.824482
9.825983
9.827483
9.828983
9.830483
9.831983
9.833483
9.834983
9.836484
9.837984
9.839484
9.840984
9.842484
9.843984
9.845485
9.846985
9.848485
9.849985
9.851485
9.852985
9.854485
9.855986
9.857486
9.858986
9.860486
9.861986
9.863486
9.864986
9.866487
9.867987
9.869487
9.870987
9.872487
9.873987
9.875488
9.876988
9.878488
9.879988
9.881488
9.882988
9.884488
9.885989
9.887489
9.888989
9.890489
9.891989
9.893489
9.894989
9.896490
9.897990
9.899490
9.900990
9.902490
9.903990
9.905491
9.906991
9.908491
9.909991
9.911491
9.912991
9.914491
9.915992
9.917492
9.918992
9.920492
9.921992
9.923492
9.924992
9.926493
9.927993
9.929493
9.930993
9.932493
9.933993
9.935494
9.936994
9.938494
9.939994
9.941494
9.942994
9.944494
9.945995
9.947495
9.948995
9.950495
9.951995
9.953495
9.954995
9.956496
9.957996
9.959496
9.960996
9.962496
9.963996
9.965497
9.966997
9.968497
9.969997
9.971497
9.972997
9.974497
9.975998
9.977498
9.978998
9.980498
9.981998
9.983498
9.984998
9.986499
9.987999
9.989499
9.990999
9.992499
9.993999
9.995500
9.997000
9.998500
10.000000
10.001500
10.003000
10.004500
10.006001
10.007501
10.009001
10.010501
10.012001
10.013501
10.015002
10.016502
10.018002
10.019502
10.021002
10.022502
10.024002
10.025503
10.027003
10.028503
10.030003
10.031503
10.033003
10.034503
10.036004
10.037504
10.039004
10.040504
10.042004
10.043504
10.045005
10.046505
10.048005
10.049505
10.051005
10.052505
10.054005
10.055506
10.057006
10.058506
10.060006
10.061506
10.063006
10.064506
10.066007
10.067507
10.069007
10.070507
10.072007
10.073507
10.075008
10.076508
10.078008
10.079508
10.081008
10.082508
10.084008
10.085509
10.087009
10.088509
10.090009
10.091509
10.093009
10.094509
10.096010
10.097510
10.099010
10.100510
10.102010
10.103510
10.105011
10.106511
10.108011
10.109511
10.111011
10.112511
10.114011
10.115512
10.117012
10.118512
10.120012
10.121512
10.123012
10.124512
10.126013
10.127513
10.129013
10.130513
10.132013
10.133513
10.135014
10.136514
10.138014
10.139514
10.141014
10.142514
10.144014
10.145515
10.147015
10.148515
10.150015
10.151515
10.153015
10.154515
10.156016
10.157516
10.159016
10.160516
10.162016
10.163516
10.165017
10.166517
10.168017
10.169517
10.171017
10.172517
10.174017
10.175518
10.177018
10.178518
10.180018
10.181518
10.183018
10.184518
10.186019
10.187519
10.189019
10.190519
10.192019
10.193519
10.195020
10.196520
10.198020
10.199520
10.201020
10.202520
10.204020
10.205521
10.207021
10.208521
10.210021
10.211521
10.213021
10.214521
10.216022
10.217522
10.219022
10.220522
10.222022
10.223522
10.225023
10.226523
10.228023
10.229523
10.231023
10.232523
10.234023
10.235524
10.237024
10.238524
10.240024
10.241524
10.243024
10.244524
10.246025
10.247525
10.249025
10.250525
10.252025
10.253525
10.255026
10.256526
10.258026
10.259526
10.261026
10.262526
10.264026
10.265527
10.267027
10.268527
10.270027
10.271527
10.273027
10.274527
10.276028
10.277528
10.279028
10.280528
10.282028
10.283528
10.285029
10.286529
10.288029
10.289529
10.291029
10.292529
10.294029
10.295530
10.297030
10.298530
10.300030
10.301530
10.303030
10.304530
10.306031
10.307531
10.309031
10.310531
10.312031
10.313531
10.315032
10.316532
10.318032
10.319532
10.321032
10.322532
10.324032
10.325533
10.327033
10.328533
10.330033
10.331533
10.333033
10.334533
10.336034
10.337534
10.339034
10.340534
10.342034
10.343534
10.345035
10.346535
10.348035
10.349535
10.351035
10.352535
10.354035
10.355536
10.357036
10.358536
10.360036
10.361536
10.363036
10.364536
10.366037
10.367537
10.369037
10.370537
10.372037
10.373537
10.375038
10.376538
10.378038
10.379538
10.381038
10.382538
10.384038
10.385539
10.387039
10.388539
10.390039
10.391539
10.393039
10.394539
10.396040
10.397540
10.399040
10.400540
10.402040
10.403540
10.405041
10.406541
10.408041
10.409541
10.411041
10.412541
10.414041
10.415542
10.417042
10.418542
10.420042
10.421542
10.423042
10.424542
10.426043
10.427543
10.429043
10.430543
10.432043
10.433543
10.435044
10.436544
10.438044
10.439544
10.441044
10.442544
10.444044
10.445545
10.447045
10.448545
10.450045
10.451545
10.453045
10.454545
10.456046
10.457546
10.459046
10.460546
10.462046
10.463546
10.465047
10.466547
10.468047
10.469547
10.471047
10.472547
10.474047
10.475548
10.477048
10.478548
10.480048
10.481548
10.483048
10.484548
10.486049
10.487549
10.489049
10.490549
10.492049
10.493549
10.495050
10.496550
10.498050
10.499550
10.501050
10.502550
10.504050
10.505551
10.507051
10.508551
10.510051
10.511551
10.513051
10.514551
10.516052
10.517552
10.519052
10.520552
10.522052
10.523552
10.525053
10.526553
10.528053
10.529553
10.531053
10.532553
10.534053
10.535554
10.537054
10.538554
10.540054
10.541554
10.543054
10.544554
10.546055
10.547555
10.549055
10.550555
10.552055
10.553555
10.555056
10.556556
10.558056
10.559556
10.561056
10.562556
10.564056
10.565557
10.567057
10.568557
10.570057
10.571557
10.573057
10.574557
10.576058
10.577558
10.579058
10.580558
10.582058
10.583558
10.585059
10.586559
10.588059
10.589559
10.591059
10.592559
10.594059
10.595560
10.597060
10.598560
10.600060
10.601560
10.603060
10.604560
10.606061
10.607561
10.609061
10.610561
10.612061
10.613561
10.615062
10.616562
10.618062
10.619562
10.621062
10.622562
10.624062
10.625563
10.627063
10.628563
10.630063
10.631563
10.633063
10.634563
10.636064
10.637564
10.639064
10.640564
10.642064
10.643564
10.645065
10.646565
10.648065
10.649565
10.651065
10.652565
10.654065
10.655566
10.657066
10.658566
10.660066
10.661566
10.663066
10.664566
10.666067
10.667567
10.669067
10.670567
10.672067
10.673567
10.675068
10.676568
10.678068
10.679568
10.681068
10.682568
10.684068
10.685569
10.687069
10.688569
10.690069
10.691569
10.693069
10.694569
10.696070
10.697570
10.699070
10.700570
10.702070
10.703570
10.705071
10.706571
10.708071
10.709571
10.711071
10.712571
10.714071
10.715572
10.717072
10.718572
10.720072
10.721572
10.723072
10.724572
10.726073
10.727573
10.729073
10.730573
10.732073
10.733573
10.735074
10.736574
10.738074
10.739574
10.741074
10.742574
10.744074
10.745575
10.747075
10.748575
10.750075
10.751575
10.753075
10.754575
10.756076
10.757576
10.759076
10.760576
10.762076
10.763576
10.765077
10.766577
10.768077
10.769577
10.771077
10.772577
10.774077
10.775578
10.777078
10.778578
10.780078
10.781578
10.783078
10.784578
10.786079
10.787579
10.789079
10.790579
10.792079
10.793579
10.795080
10.796580
10.798080
10.799580
10.801080
10.802580
10.804080
10.805581
10.807081
10.808581
10.810081
10.811581
10.813081
10.814581
10.816082
10.817582
10.819082
10.820582
10.822082
10.823582
10.825083
10.826583
10.828083
10.829583
10.831083
10.832583
10.834083
10.835584
10.837084
10.838584
10.840084
10.841584
10.843084
10.844584
10.846085
10.847585
10.849085
10.850585
10.852085
10.853585
10.855086
10.856586
10.858086
10.859586
10.861086
10.862586
10.864086
10.865587
10.867087
10.868587
10.870087
10.871587
10.873087
10.874587
10.876088
10.877588
10.879088
10.880588
10.882088
10.883588
10.885089
10.886589
10.888089
10.889589
10.891089
10.892589
10.894089
10.895590
10.897090
10.898590
10.900090
10.901590
10.903090
10.904590
10.906091
10.907591
10.909091
10.910591
10.912091
10.913591
10.915092
10.916592
10.918092
10.919592
10.921092
10.922592
10.924092
10.925593
10.927093
10.928593
10.930093
10.931593
10.933093
10.934593
10.936094
10.937594
10.939094
10.940594
10.942094
10.943594
10.945095
10.946595
10.948095
10.949595
10.951095
10.952595
10.954095
10.955596
10.957096
10.958596
10.960096
10.961596
10.963096
10.964596
10.966097
10.967597
10.969097
10.970597
10.972097
10.973597
10.975098
10.976598
10.978098
10.979598
10.981098
10.982598
10.984098
10.985599
10.987099
10.988599
10.990099
10.991599
10.993099
10.994599
10.996100
10.997600
10.999100
11.000600
11.002100
11.003600
11.005101
11.006601
11.008101
11.009601
11.011101
11.012601
11.014101
11.015602
11.017102
11.018602
11.020102
11.021602
11.023102
11.024602
11.026103
11.027603
11.029103
11.030603
11.032103
11.033603
11.035104
11.036604
11.038104
11.039604
11.041104
11.042604
11.044104
11.045605
11.047105
11.048605
11.050105
11.051605
11.053105
11.054605
11.056106
11.057606
11.059106
11.060606
11.062106
11.063606
11.065107
11.066607
11.068107
11.069607
11.071107
11.072607
11.074107
11.075608
11.077108
11.078608
11.080108
11.081608
11.083108
11.084608
11.086109
11.087609
11.089109
11.090609
11.092109
11.093609
11.095110
11.096610
11.098110
11.099610
11.101110
11.102610
11.104110
11.105611
11.107111
11.108611
11.110111
11.111611
11.113111
11.114611
11.116112
11.117612
11.119112
11.120612
11.122112
11.123612
11.125113
11.126613
11.128113
11.129613
11.131113
11.132613
11.134113
11.135614
11.137114
11.138614
11.140114
11.141614
11.143114
11.144614
11.146115
11.147615
11.149115
11.150615
11.152115
11.153615
11.155116
11.156616
11.158116
11.159616
11.161116
11.162616
11.164116
11.165617
11.167117
11.168617
11.170117
11.171617
11.173117
11.174617
11.176118
11.177618
11.179118
11.180618
11.182118
11.183618
11.185119
11.186619
11.188119
11.189619
11.191119
11.192619
11.194119
11.195620
11.197120
11.198620
11.200120
11.201620
11.203120
11.204620
11.206121
11.207621
11.209121
11.210621
11.212121
11.213621
11.215122
11.216622
11.218122
11.219622
11.221122
11.222622
11.224122
11.225623
11.227123
11.228623
11.230123
11.231623
11.233123
11.234623
11.236124
11.237624
11.239124
11.240624
11.242124
11.243624
11.245125
11.246625
11.248125
11.249625
11.251125
11.252625
11.254125
11.255626
11.257126
11.258626
11.260126
11.261626
11.263126
11.264626
11.266127
11.267627
11.269127
11.270627
11.272127
11.273627
11.275128
11.276628
11.278128
11.279628
11.281128
11.282628
11.284128
11.285629
11.287129
11.288629
11.290129
11.291629
11.293129
11.294629
11.296130
11.297630
11.299130
11.300630
11.302130
11.303630
11.305131
11.306631
11.308131
11.309631
11.311131
11.312631
11.314131
11.315632
11.317132
11.318632
11.320132
11.321632
11.323132
11.324632
11.326133
11.327633
11.329133
11.330633
11.332133
11.333633
11.335134
11.336634
11.338134
11.339634
11.341134
11.342634
11.344134
11.345635
11.347135
11.348635
11.350135
11.351635
11.353135
11.354635
11.356136
11.357636
11.359136
11.360636
11.362136
11.363636
11.365137
11.366637
11.368137
11.369637
11.371137
11.372637
11.374137
11.375638
11.377138
11.378638
11.380138
11.381638
11.383138
11.384638
11.386139
11.387639
11.389139
11.390639
11.392139
11.393639
11.395140
11.396640
11.398140
11.399640
11.401140
11.402640
11.404140
11.405641
11.407141
11.408641
11.410141
11.411641
11.413141
11.414641
11.416142
11.417642
11.419142
11.420642
11.422142
11.423642
11.425143
11.426643
11.428143
11.429643
11.431143
11.432643
11.434143
11.435644
11.437144
11.438644
11.440144
11.441644
11.443144
11.444644
11.446145
11.447645
11.449145
11.450645
11.452145
11.453645
11.455146
11.456646
11.458146
11.459646
11.461146
11.462646
11.464146
11.465647
11.467147
11.468647
11.470147
11.471647
11.473147
11.474647
11.476148
11.477648
11.479148
11.480648
11.482148
11.483648
11.485149
11.486649
11.488149
11.489649
11.491149
11.492649
11.494149
11.495650
11.497150
11.498650
11.500150
11.501650
11.503150
11.504650
11.506151
11.507651
11.509151
11.510651
11.512151
11.513651
11.515152
11.516652
11.518152
11.519652
11.521152
11.522652
11.524152
11.525653
11.527153
11.528653
11.530153
11.531653
11.533153
11.534653
11.536154
11.537654
11.539154
11.540654
11.542154
11.543654
11.545155
11.546655
11.548155
11.549655
11.551155
11.552655
11.554155
11.555656
11.557156
11.558656
11.560156
11.561656
11.563156
11.564656
11.566157
11.567657
11.569157
11.570657
11.572157
11.573657
11.575158
11.576658
11.578158
11.579658
11.581158
11.582658
11.584158
11.585659
11.587159
11.588659
11.590159
11.591659
11.593159
11.594659
11.596160
11.597660
11.599160
11.600660
11.602160
11.603660
11.605161
11.606661
11.608161
11.609661
11.611161
11.612661
11.614161
11.615662
11.617162
11.618662
11.620162
11.621662
11.623162
11.624662
11.626163
11.627663
11.629163
11.630663
11.632163
11.633663
11.635164
11.636664
11.638164
11.639664
11.641164
11.642664
11.644164
11.645665
11.647165
11.648665
11.650165
11.651665
11.653165
11.654665
11.656166
11.657666
11.659166
11.660666
11.662166
11.663666
11.665167
11.666667
11.668167
11.669667
11.671167
11.672667
11.674167
11.675668
11.677168
11.678668
11.680168
11.681668
11.683168
11.684668
11.686169
11.687669
11.689169
11.690669
11.692169
11.693669
11.695170
11.696670
11.698170
11.699670
11.701170
11.702670
11.704170
11.705671
11.707171
11.708671
11.710171
11.711671
11.713171
11.714671
11.716172
11.717672
11.719172
11.720672
11.722172
11.723672
11.725173
11.726673
11.728173
11.729673
11.731173
11.732673
11.734173
11.735674
11.737174
11.738674
11.740174
11.741674
11.743174
11.744674
11.746175
11.747675
11.749175
11.750675
11.752175
11.753675
11.755176
11.756676
11.758176
11.759676
11.761176
11.762676
11.764176
11.765677
11.767177
11.768677
11.770177
11.771677
11.773177
11.774677
11.776178
11.777678
11.779178
11.780678
11.782178
11.783678
11.785179
11.786679
11.788179
11.789679
11.791179
11.792679
11.794179
11.795680
11.797180
11.798680
11.800180
11.801680
11.803180
11.804680
11.806181
11.807681
11.809181
11.810681
11.812181
11.813681
11.815182
11.816682
11.818182
11.819682
11.821182
11.822682
11.824182
11.825683
11.827183
11.828683
11.830183
11.831683
11.833183
11.834683
11.836184
11.837684
11.839184
11.840684
11.842184
11.843684
11.845185
11.846685
11.848185
11.849685
11.851185
11.852685
11.854185
11.855686
11.857186
11.858686
11.860186
11.861686
11.863186
11.864686
11.866187
11.867687
11.869187
11.870687
11.872187
11.873687
11.875188
11.876688
11.878188
11.879688
11.881188
11.882688
11.884188
11.885689
11.887189
11.888689
11.890189
11.891689
11.893189
11.894689
11.896190
11.897690
11.899190
11.900690
11.902190
11.903690
11.905191
11.906691
11.908191
11.909691
11.911191
11.912691
11.914191
11.915692
11.917192
11.918692
11.920192
11.921692
11.923192
11.924692
11.926193
11.927693
11.929193
11.930693
11.932193
11.933693
11.935194
11.936694
11.938194
11.939694
11.941194
11.942694
11.944194
11.945695
11.947195
11.948695
11.950195
11.951695
11.953195
11.954695
11.956196
11.957696
11.959196
11.960696
11.962196
11.963696
11.965197
11.966697
11.968197
11.969697
11.971197
11.972697
11.974197
11.975698
11.977198
11.978698
11.980198
11.981698
11.983198
11.984698
11.986199
11.987699
11.989199
11.990699
11.992199
11.993699
11.995200
11.996700
11.998200
11.999700
12.001200
12.002700
12.004200
12.005701
12.007201
12.008701
12.010201
12.011701
12.013201
12.014701
12.016202
12.017702
12.019202
12.020702
12.022202
12.023702
12.025203
12.026703
12.028203
12.029703
12.031203
12.032703
12.034203
12.035704
12.037204
12.038704
12.040204
12.041704
12.043204
12.044704
12.046205
12.047705
12.049205
12.050705
12.052205
12.053705
12.055206
12.056706
12.058206
12.059706
12.061206
12.062706
12.064206
12.065707
12.067207
12.068707
12.070207
12.071707
12.073207
12.074707
12.076208
12.077708
12.079208
12.080708
12.082208
12.083708
12.085209
12.086709
12.088209
12.089709
12.091209
12.092709
12.094209
12.095710
12.097210
12.098710
12.100210
12.101710
12.103210
12.104710
12.106211
12.107711
12.109211
12.110711
12.112211
12.113711
12.115212
12.116712
12.118212
12.119712
12.121212
12.122712
12.124212
12.125713
12.127213
12.128713
12.130213
12.131713
12.133213
12.134713
12.136214
12.137714
12.139214
12.140714
12.142214
12.143714
12.145215
12.146715
12.148215
12.149715
12.151215
12.152715
12.154215
12.155716
12.157216
12.158716
12.160216
12.161716
12.163216
12.164716
12.166217
12.167717
12.169217
12.170717
12.172217
12.173717
12.175218
12.176718
12.178218
12.179718
12.181218
12.182718
12.184218
12.185719
12.187219
12.188719
12.190219
12.191719
12.193219
12.194719
12.196220
12.197720
12.199220
12.200720
12.202220
12.203720
12.205221
12.206721
12.208221
12.209721
12.211221
12.212721
12.214221
12.215722
12.217222
12.218722
12.220222
12.221722
12.223222
12.224722
12.226223
12.227723
12.229223
12.230723
12.232223
12.233723
12.235224
12.236724
12.238224
12.239724
12.241224
12.242724
12.244224
12.245725
12.247225
12.248725
12.250225
12.251725
12.253225
12.254725
12.256226
12.257726
12.259226
12.260726
12.262226
12.263726
12.265227
12.266727
12.268227
12.269727
12.271227
12.272727
12.274227
12.275728
12.277228
12.278728
12.280228
12.281728
12.283228
12.284728
12.286229
12.287729
12.289229
12.290729
12.292229
12.293729
12.295230
12.296730
12.298230
12.299730
12.301230
12.302730
12.304230
12.305731
12.307231
12.308731
12.310231
12.311731
12.313231
12.314731
12.316232
12.317732
12.319232
12.320732
12.322232
12.323732
12.325233
12.326733
12.328233
12.329733
12.331233
12.332733
12.334233
12.335734
12.337234
12.338734
12.340234
12.341734
12.343234
12.344734
12.346235
12.347735
12.349235
12.350735
12.352235
12.353735
12.355236
12.356736
12.358236
12.359736
12.361236
12.362736
12.364236
12.365737
12.367237
12.368737
12.370237
12.371737
12.373237
12.374737
12.376238
12.377738
12.379238
12.380738
12.382238
12.383738
12.385239
12.386739
12.388239
12.389739
12.391239
12.392739
12.394239
12.395740
12.397240
12.398740
12.400240
12.401740
12.403240
12.404740
12.406241
12.407741
12.409241
12.410741
12.412241
12.413741
12.415242
12.416742
12.418242
12.419742
12.421242
12.422742
12.424242
12.425743
12.427243
12.428743
12.430243
12.431743
12.433243
12.434743
12.436244
12.437744
12.439244
12.440744
12.442244
12.443744
12.445245
12.446745
12.448245
12.449745
12.451245
12.452745
12.454245
12.455746
12.457246
12.458746
12.460246
12.461746
12.463246
12.464746
12.466247
12.467747
12.469247
12.470747
12.472247
12.473747
12.475248
12.476748
12.478248
12.479748
12.481248
12.482748
12.484248
12.485749
12.487249
12.488749
12.490249
12.491749
12.493249
12.494749
12.496250
12.497750
12.499250
12.500750
12.502250
12.503750
12.505251
12.506751
12.508251
12.509751
12.511251
12.512751
12.514251
12.515752
12.517252
12.518752
12.520252
12.521752
12.523252
12.524752
12.526253
12.527753
12.529253
12.530753
12.532253
12.533753
12.535254
12.536754
12.538254
12.539754
12.541254
12.542754
12.544254
12.545755
12.547255
12.548755
12.550255
12.551755
12.553255
12.554755
12.556256
12.557756
12.559256
12.560756
12.562256
12.563756
12.565257
12.566757
12.568257
12.569757
12.571257
12.572757
12.574257
12.575758
12.577258
12.578758
12.580258
12.581758
12.583258
12.584758
12.586259
12.587759
12.589259
12.590759
12.592259
12.593759
12.595260
12.596760
12.598260
12.599760
12.601260
12.602760
12.604260
12.605761
12.607261
12.608761
12.610261
12.611761
12.613261
12.614761
12.616262
12.617762
12.619262
12.620762
12.622262
12.623762
12.625263
12.626763
12.628263
12.629763
12.631263
12.632763
12.634263
12.635764
12.637264
12.638764
12.640264
12.641764
12.643264
12.644764
12.646265
12.647765
12.649265
12.650765
12.652265
12.653765
12.655266
12.656766
12.658266
12.659766
12.661266
12.662766
12.664266
12.665767
12.667267
12.668767
12.670267
12.671767
12.673267
12.674767
12.676268
12.677768
12.679268
12.680768
12.682268
12.683768
12.685269
12.686769
12.688269
12.689769
12.691269
12.692769
12.694269
12.695770
12.697270
12.698770
12.700270
12.701770
12.703270
12.704770
12.706271
12.707771
12.709271
12.710771
12.712271
12.713771
12.715272
12.716772
12.718272
12.719772
12.721272
12.722772
12.724272
12.725773
12.727273
12.728773
12.730273
12.731773
12.733273
12.734773
12.736274
12.737774
12.739274
12.740774
12.742274
12.743774
12.745275
12.746775
12.748275
12.749775
12.751275
12.752775
12.754275
12.755776
12.757276
12.758776
12.760276
12.761776
12.763276
12.764776
12.766277
12.767777
12.769277
12.770777
12.772277
12.773777
12.775278
12.776778
12.778278
12.779778
12.781278
12.782778
12.784278
12.785779
12.787279
12.788779
12.790279
12.791779
12.793279
12.794779
12.796280
12.797780
12.799280
12.800780
12.802280
12.803780
12.805281
12.806781
12.808281
12.809781
12.811281
12.812781
12.814281
12.815782
12.817282
12.818782
12.820282
12.821782
12.823282
12.824782
12.826283
12.827783
12.829283
12.830783
12.832283
12.833783
12.835284
12.836784
12.838284
12.839784
12.841284
12.842784
12.844284
12.845785
12.847285
12.848785
12.850285
12.851785
12.853285
12.854785
12.856286
12.857786
12.859286
12.860786
12.862286
12.863786
12.865287
12.866787
12.868287
12.869787
12.871287
12.872787
12.874287
12.875788
12.877288
12.878788
12.880288
12.881788
12.883288
12.884788
12.886289
12.887789
12.889289
12.890789
12.892289
12.893789
12.895290
12.896790
12.898290
12.899790
12.901290
12.902790
12.904290
12.905791
12.907291
12.908791
12.910291
12.911791
12.913291
12.914791
12.916292
12.917792
12.919292
12.920792
12.922292
12.923792
12.925293
12.926793
12.928293
12.929793
12.931293
12.932793
12.934293
12.935794
12.937294
12.938794
12.940294
12.941794
12.943294
12.944794
12.946295
12.947795
12.949295
12.950795
12.952295
12.953795
12.955296
12.956796
12.958296
12.959796
12.961296
12.962796
12.964296
12.965797
12.967297
12.968797
12.970297
12.971797
12.973297
12.974797
12.976298
12.977798
12.979298
12.980798
12.982298
12.983798
12.985299
12.986799
12.988299
12.989799
12.991299
12.992799
12.994299
12.995800
12.997300
12.998800
13.000300
13.001800
13.003300
13.004800
13.006301
13.007801
13.009301
13.010801
13.012301
13.013801
13.015302
13.016802
13.018302
13.019802
13.021302
13.022802
13.024302
13.025803
13.027303
13.028803
13.030303
13.031803
13.033303
13.034803
13.036304
13.037804
13.039304
13.040804
13.042304
13.043804
13.045305
13.046805
13.048305
13.049805
13.051305
13.052805
13.054305
13.055806
13.057306
13.058806
13.060306
13.061806
13.063306
13.064806
13.066307
13.067807
13.069307
13.070807
13.072307
13.073807
13.075308
13.076808
13.078308
13.079808
13.081308
13.082808
13.084308
13.085809
13.087309
13.088809
13.090309
13.091809
13.093309
13.094809
13.096310
13.097810
13.099310
13.100810
13.102310
13.103810
13.105311
13.106811
13.108311
13.109811
13.111311
13.112811
13.114311
13.115812
13.117312
13.118812
13.120312
13.121812
13.123312
13.124812
13.126313
13.127813
13.129313
13.130813
13.132313
13.133813
13.135314
13.136814
13.138314
13.139814
13.141314
13.142814
13.144314
13.145815
13.147315
13.148815
13.150315
13.151815
13.153315
13.154815
13.156316
13.157816
13.159316
13.160816
13.162316
13.163816
13.165317
13.166817
13.168317
13.169817
13.171317
13.172817
13.174317
13.175818
13.177318
13.178818
13.180318
13.181818
13.183318
13.184818
13.186319
13.187819
13.189319
13.190819
13.192319
13.193819
13.195320
13.196820
13.198320
13.199820
13.201320
13.202820
13.204320
13.205821
13.207321
13.208821
13.210321
13.211821
13.213321
13.214821
13.216322
13.217822
13.219322
13.220822
13.222322
13.223822
13.225323
13.226823
13.228323
13.229823
13.231323
13.232823
13.234323
13.235824
13.237324
13.238824
13.240324
13.241824
13.243324
13.244824
13.246325
13.247825
13.249325
13.250825
13.252325
13.253825
13.255326
13.256826
13.258326
13.259826
13.261326
13.262826
13.264326
13.265827
13.267327
13.268827
13.270327
13.271827
13.273327
13.274827
13.276328
13.277828
13.279328
13.280828
13.282328
13.283828
13.285329
13.286829
13.288329
13.289829
13.291329
13.292829
13.294329
13.295830
13.297330
13.298830
13.300330
13.301830
13.303330
13.304830
13.306331
13.307831
13.309331
13.310831
13.312331
13.313831
13.315332
13.316832
13.318332
13.319832
13.321332
13.322832
13.324332
13.325833
13.327333
13.328833
13.330333
13.331833
13.333333
13.334833
13.336334
13.337834
13.339334
13.340834
13.342334
13.343834
13.345335
13.346835
13.348335
13.349835
13.351335
13.352835
13.354335
13.355836
13.357336
13.358836
13.360336
13.361836
13.363336
13.364836
13.366337
13.367837
13.369337
13.370837
13.372337
13.373837
13.375338
13.376838
13.378338
13.379838
13.381338
13.382838
13.384338
13.385839
13.387339
13.388839
13.390339
13.391839
13.393339
13.394839
13.396340
13.397840
13.399340
13.400840
13.402340
13.403840
13.405341
13.406841
13.408341
13.409841
13.411341
13.412841
13.414341
13.415842
13.417342
13.418842
13.420342
13.421842
13.423342
13.424842
13.426343
13.427843
13.429343
13.430843
13.432343
13.433843
13.435344
13.436844
13.438344
13.439844
13.441344
13.442844
13.444344
13.445845
13.447345
13.448845
13.450345
13.451845
13.453345
13.454845
13.456346
13.457846
13.459346
13.460846
13.462346
13.463846
13.465347
13.466847
13.468347
13.469847
13.471347
13.472847
13.474347
13.475848
13.477348
13.478848
13.480348
13.481848
13.483348
13.484848
13.486349
13.487849
13.489349
13.490849
13.492349
13.493849
13.495350
13.496850
13.498350
13.499850
13.501350
13.502850
13.504350
13.505851
13.507351
13.508851
13.510351
13.511851
13.513351
13.514851
13.516352
13.517852
13.519352
13.520852
13.522352
13.523852
13.525353
13.526853
13.528353
13.529853
13.531353
13.532853
13.534353
13.535854
13.537354
13.538854
13.540354
13.541854
13.543354
13.544854
13.546355
13.547855
13.549355
13.550855
13.552355
13.553855
13.555356
13.556856
13.558356
13.559856
13.561356
13.562856
13.564356
13.565857
13.567357
13.568857
13.570357
13.571857
13.573357
13.574857
13.576358
13.577858
13.579358
13.580858
13.582358
13.583858
13.585359
13.586859
13.588359
13.589859
13.591359
13.592859
13.594359
13.595860
13.597360
13.598860
13.600360
13.601860
13.603360
13.604860
13.606361
13.607861
13.609361
13.610861
13.612361
13.613861
13.615362
13.616862
13.618362
13.619862
13.621362
13.622862
13.624362
13.625863
13.627363
13.628863
13.630363
13.631863
13.633363
13.634863
13.636364
13.637864
13.639364
13.640864
13.642364
13.643864
13.645365
13.646865
13.648365
13.649865
13.651365
13.652865
13.654365
13.655866
13.657366
13.658866
13.660366
13.661866
13.663366
13.664866
13.666367
13.667867
13.669367
13.670867
13.672367
13.673867
13.675368
13.676868
13.678368
13.679868
13.681368
13.682868
13.684368
13.685869
13.687369
13.688869
13.690369
13.691869
13.693369
13.694869
13.696370
13.697870
13.699370
13.700870
13.702370
13.703870
13.705371
13.706871
13.708371
13.709871
13.711371
13.712871
13.714371
13.715872
13.717372
13.718872
13.720372
13.721872
13.723372
13.724872
13.726373
13.727873
13.729373
13.730873
13.732373
13.733873
13.735374
13.736874
13.738374
13.739874
13.741374
13.742874
13.744374
13.745875
13.747375
13.748875
13.750375
13.751875
13.753375
13.754875
13.756376
13.757876
13.759376
13.760876
13.762376
13.763876
13.765377
13.766877
13.768377
13.769877
13.771377
13.772877
13.774377
13.775878
13.777378
13.778878
13.780378
13.781878
13.783378
13.784878
13.786379
13.787879
13.789379
13.790879
13.792379
13.793879
13.795380
13.796880
13.798380
13.799880
13.801380
13.802880
13.804380
13.805881
13.807381
13.808881
13.810381
13.811881
13.813381
13.814881
13.816382
13.817882
13.819382
13.820882
13.822382
13.823882
13.825383
13.826883
13.828383
13.829883
13.831383
13.832883
13.834383
13.835884
13.837384
13.838884
13.840384
13.841884
13.843384
13.844884
13.846385
13.847885
13.849385
13.850885
13.852385
13.853885
13.855386
13.856886
13.858386
13.859886
13.861386
13.862886
13.864386
13.865887
13.867387
13.868887
13.870387
13.871887
13.873387
13.874887
13.876388
13.877888
13.879388
13.880888
13.882388
13.883888
13.885389
13.886889
13.888389
13.889889
13.891389
13.892889
13.894389
13.895890
13.897390
13.898890
13.900390
13.901890
13.903390
13.904890
13.906391
13.907891
13.909391
13.910891
13.912391
13.913891
13.915392
13.916892
13.918392
13.919892
13.921392
13.922892
13.924392
13.925893
13.927393
13.928893
13.930393
13.931893
13.933393
13.934893
13.936394
13.937894
13.939394
13.940894
13.942394
13.943894
13.945395
13.946895
13.948395
13.949895
13.951395
13.952895
13.954395
13.955896
13.957396
13.958896
13.960396
13.961896
13.963396
13.964896
13.966397
13.967897
13.969397
13.970897
13.972397
13.973897
13.975398
13.976898
13.978398
13.979898
13.981398
13.982898
13.984398
13.985899
13.987399
13.988899
13.990399
13.991899
13.993399
13.994899
13.996400
13.997900
13.999400
14.000900
14.002400
14.003900
14.005401
14.006901
14.008401
14.009901
14.011401
14.012901
14.014401
14.015902
14.017402
14.018902
14.020402
14.021902
14.023402
14.024902
14.026403
14.027903
14.029403
14.030903
14.032403
14.033903
14.035404
14.036904
14.038404
14.039904
14.041404
14.042904
14.044404
14.045905
14.047405
14.048905
14.050405
14.051905
14.053405
14.054905
14.056406
14.057906
14.059406
14.060906
14.062406
14.063906
14.065407
14.066907
14.068407
14.069907
14.071407
14.072907
14.074407
14.075908
14.077408
14.078908
14.080408
14.081908
14.083408
14.084908
14.086409
14.087909
14.089409
14.090909
14.092409
14.093909
14.095410
14.096910
14.098410
14.099910
14.101410
14.102910
14.104410
14.105911
14.107411
14.108911
14.110411
14.111911
14.113411
14.114911
14.116412
14.117912
14.119412
14.120912
14.122412
14.123912
14.125413
14.126913
14.128413
14.129913
14.131413
14.132913
14.134413
14.135914
14.137414
14.138914
14.140414
14.141914
14.143414
14.144914
14.146415
14.147915
14.149415
14.150915
14.152415
14.153915
14.155416
14.156916
14.158416
14.159916
14.161416
14.162916
14.164416
14.165917
14.167417
14.168917
14.170417
14.171917
14.173417
14.174917
14.176418
14.177918
14.179418
14.180918
14.182418
14.183918
14.185419
14.186919
14.188419
14.189919
14.191419
14.192919
14.194419
14.195920
14.197420
14.198920
14.200420
14.201920
14.203420
14.204920
14.206421
14.207921
14.209421
14.210921
14.212421
14.213921
14.215422
14.216922
14.218422
14.219922
14.221422
14.222922
14.224422
14.225923
14.227423
14.228923
14.230423
14.231923
14.233423
14.234923
14.236424
14.237924
14.239424
14.240924
14.242424
14.243924
14.245425
14.246925
14.248425
14.249925
14.251425
14.252925
14.254425
14.255926
14.257426
14.258926
14.260426
14.261926
14.263426
14.264926
14.266427
14.267927
14.269427
14.270927
14.272427
14.273927
14.275428
14.276928
14.278428
14.279928
14.281428
14.282928
14.284428
14.285929
14.287429
14.288929
14.290429
14.291929
14.293429
14.294929
14.296430
14.297930
14.299430
14.300930
14.302430
14.303930
14.305431
14.306931
14.308431
14.309931
14.311431
14.312931
14.314431
14.315932
14.317432
14.318932
14.320432
14.321932
14.323432
14.324932
14.326433
14.327933
14.329433
14.330933
14.332433
14.333933
14.335434
14.336934
14.338434
14.339934
14.341434
14.342934
14.344434
14.345935
14.347435
14.348935
14.350435
14.351935
14.353435
14.354935
14.356436
14.357936
14.359436
14.360936
14.362436
14.363936
14.365437
14.366937
14.368437
14.369937
14.371437
14.372937
14.374437
14.375938
14.377438
14.378938
14.380438
14.381938
14.383438
14.384938
14.386439
14.387939
14.389439
14.390939
14.392439
14.393939
14.395440
14.396940
14.398440
14.399940
14.401440
14.402940
14.404440
14.405941
14.407441
14.408941
14.410441
14.411941
14.413441
14.414941
14.416442
14.417942
14.419442
14.420942
14.422442
14.423942
14.425443
14.426943
14.428443
14.429943
14.431443
14.432943
14.434443
14.435944
14.437444
14.438944
14.440444
14.441944
14.443444
14.444944
14.446445
14.447945
14.449445
14.450945
14.452445
14.453945
14.455446
14.456946
14.458446
14.459946
14.461446
14.462946
14.464446
14.465947
14.467447
14.468947
14.470447
14.471947
14.473447
14.474947
14.476448
14.477948
14.479448
14.480948
14.482448
14.483948
14.485449
14.486949
14.488449
14.489949
14.491449
14.492949
14.494449
14.495950
14.497450
14.498950
14.500450
14.501950
14.503450
14.504950
14.506451
14.507951
14.509451
14.510951
14.512451
14.513951
14.515452
14.516952
14.518452
14.519952
14.521452
14.522952
14.524452
14.525953
14.527453
14.528953
14.530453
14.531953
14.533453
14.534953
14.536454
14.537954
14.539454
14.540954
14.542454
14.543954
14.545455
14.546955
14.548455
14.549955
14.551455
14.552955
14.554455
14.555956
14.557456
14.558956
14.560456
14.561956
14.563456
14.564956
14.566457
14.567957
14.569457
14.570957
14.572457
14.573957
14.575458
14.576958
14.578458
14.579958
14.581458
14.582958
14.584458
14.585959
14.587459
14.588959
14.590459
14.591959
14.593459
14.594959
14.596460
14.597960
14.599460
14.600960
14.602460
14.603960
14.605461
14.606961
14.608461
14.609961
14.611461
14.612961
14.614461
14.615962
14.617462
14.618962
14.620462
14.621962
14.623462
14.624962
14.626463
14.627963
14.629463
14.630963
14.632463
14.633963
14.635464
14.636964
14.638464
14.639964
14.641464
14.642964
14.644464
14.645965
14.647465
14.648965
14.650465
14.651965
14.653465
14.654965
14.656466
14.657966
14.659466
14.660966
14.662466
14.663966
14.665467
14.666967
14.668467
14.669967
14.671467
14.672967
14.674467
14.675968
14.677468
14.678968
14.680468
14.681968
14.683468
14.684968
14.686469
14.687969
14.689469
14.690969
14.692469
14.693969
14.695470
14.696970
14.698470
14.699970
14.701470
14.702970
14.704470
14.705971
14.707471
14.708971
14.710471
14.711971
14.713471
14.714971
14.716472
14.717972
14.719472
14.720972
14.722472
14.723972
14.725473
14.726973
14.728473
14.729973
14.731473
14.732973
14.734473
14.735974
14.737474
14.738974
14.740474
14.741974
14.743474
14.744974
14.746475
14.747975
14.749475
14.750975
14.752475
14.753975
14.755476
14.756976
14.758476
14.759976
14.761476
14.762976
14.764476
14.765977
14.767477
14.768977
14.770477
14.771977
14.773477
14.774977
14.776478
14.777978
14.779478
14.780978
14.782478
14.783978
14.785479
14.786979
14.788479
14.789979
14.791479
14.792979
14.794479
14.795980
14.797480
14.798980
14.800480
14.801980
14.803480
14.804980
14.806481
14.807981
14.809481
14.810981
14.812481
14.813981
14.815482
14.816982
14.818482
14.819982
14.821482
14.822982
14.824482
14.825983
14.827483
14.828983
14.830483
14.831983
14.833483
14.834983
14.836484
14.837984
14.839484
14.840984
14.842484
14.843984
14.845485
14.846985
14.848485
14.849985
14.851485
14.852985
14.854485
14.855986
14.857486
14.858986
14.860486
14.861986
14.863486
14.864986
14.866487
14.867987
14.869487
14.870987
14.872487
14.873987
14.875488
14.876988
14.878488
14.879988
14.881488
14.882988
14.884488
14.885989
14.887489
14.888989
14.890489
14.891989
14.893489
14.894989
14.896490
14.897990
14.899490
14.900990
14.902490
14.903990
14.905491
14.906991
14.908491
14.909991
14.911491
14.912991
14.914491
14.915992
14.917492
14.918992
14.920492
14.921992
14.923492
14.924992
14.926493
14.927993
14.929493
14.930993
14.932493
14.933993
14.935494
14.936994
14.938494
14.939994
14.941494
14.942994
14.944494
14.945995
14.947495
14.948995
14.950495
14.951995
14.953495
14.954995
14.956496
14.957996
14.959496
14.960996
14.962496
14.963996
14.965497
14.966997
14.968497
14.969997
14.971497
14.972997
14.974497
14.975998
14.977498
14.978998
14.980498
14.981998
14.983498
14.984998
14.986499
14.987999
14.989499
14.990999
14.992499
14.993999
14.995500
14.997000
14.998500
15.000000
15.001500
15.003000
15.004500
15.006001
15.007501
15.009001
15.010501
15.012001
15.013501
15.015002
15.016502
15.018002
15.019502
15.021002
15.022502
15.024002
15.025503
15.027003
15.028503
15.030003
15.031503
15.033003
15.034503
15.036004
15.037504
15.039004
15.040504
15.042004
15.043504
15.045005
15.046505
15.048005
15.049505
15.051005
15.052505
15.054005
15.055506
15.057006
15.058506
15.060006
15.061506
15.063006
15.064506
15.066007
15.067507
15.069007
15.070507
15.072007
15.073507
15.075008
15.076508
15.078008
15.079508
15.081008
15.082508
15.084008
15.085509
15.087009
15.088509
15.090009
15.091509
15.093009
15.094509
15.096010
15.097510
15.099010
15.100510
15.102010
15.103510
15.105011
15.106511
15.108011
15.109511
15.111011
15.112511
15.114011
15.115512
15.117012
15.118512
15.120012
15.121512
15.123012
15.124512
15.126013
15.127513
15.129013
15.130513
15.132013
15.133513
15.135014
15.136514
15.138014
15.139514
15.141014
15.142514
15.144014
15.145515
15.147015
15.148515
15.150015
15.151515
15.153015
15.154515
15.156016
15.157516
15.159016
15.160516
15.162016
15.163516
15.165017
15.166517
15.168017
15.169517
15.171017
15.172517
15.174017
15.175518
15.177018
15.178518
15.180018
15.181518
15.183018
15.184518
15.186019
15.187519
15.189019
15.190519
15.192019
15.193519
15.195020
15.196520
15.198020
15.199520
15.201020
15.202520
15.204020
15.205521
15.207021
15.208521
15.210021
15.211521
15.213021
15.214521
15.216022
15.217522
15.219022
15.220522
15.222022
15.223522
15.225023
15.226523
15.228023
15.229523
15.231023
15.232523
15.234023
15.235524
15.237024
15.238524
15.240024
15.241524
15.243024
15.244524
15.246025
15.247525
15.249025
15.250525
15.252025
15.253525
15.255026
15.256526
15.258026
15.259526
15.261026
15.262526
15.264026
15.265527
15.267027
15.268527
15.270027
15.271527
15.273027
15.274527
15.276028
15.277528
15.279028
15.280528
15.282028
15.283528
15.285029
15.286529
15.288029
15.289529
15.291029
15.292529
15.294029
15.295530
15.297030
15.298530
15.300030
15.301530
15.303030
15.304530
15.306031
15.307531
15.309031
15.310531
15.312031
15.313531
15.315032
15.316532
15.318032
15.319532
15.321032
15.322532
15.324032
15.325533
15.327033
15.328533
15.330033
15.331533
15.333033
15.334533
15.336034
15.337534
15.339034
15.340534
15.342034
15.343534
15.345035
15.346535
15.348035
15.349535
15.351035
15.352535
15.354035
15.355536
15.357036
15.358536
15.360036
15.361536
15.363036
15.364536
15.366037
15.367537
15.369037
15.370537
15.372037
15.373537
15.375038
15.376538
15.378038
15.379538
15.381038
15.382538
15.384038
15.385539
15.387039
15.388539
15.390039
15.391539
15.393039
15.394539
15.396040
15.397540
15.399040
15.400540
15.402040
15.403540
15.405041
15.406541
15.408041
15.409541
15.411041
15.412541
15.414041
15.415542
15.417042
15.418542
15.420042
15.421542
15.423042
15.424542
15.426043
15.427543
15.429043
15.430543
15.432043
15.433543
15.435044
15.436544
15.438044
15.439544
15.441044
15.442544
15.444044
15.445545
15.447045
15.448545
15.450045
15.451545
15.453045
15.454545
15.456046
15.457546
15.459046
15.460546
15.462046
15.463546
15.465047
15.466547
15.468047
15.469547
15.471047
15.472547
15.474047
15.475548
15.477048
15.478548
15.480048
15.481548
15.483048
15.484548
15.486049
15.487549
15.489049
15.490549
15.492049
15.493549
15.495050
15.496550
15.498050
15.499550
15.501050
15.502550
15.504050
15.505551
15.507051
15.508551
15.510051
15.511551
15.513051
15.514551
15.516052
15.517552
15.519052
15.520552
15.522052
15.523552
15.525053
15.526553
15.528053
15.529553
15.531053
15.532553
15.534053
15.535554
15.537054
15.538554
15.540054
15.541554
15.543054
15.544554
15.546055
15.547555
15.549055
15.550555
15.552055
15.553555
15.555056
15.556556
15.558056
15.559556
15.561056
15.562556
15.564056
15.565557
15.567057
15.568557
15.570057
15.571557
15.573057
15.574557
15.576058
15.577558
15.579058
15.580558
15.582058
15.583558
15.585059
15.586559
15.588059
15.589559
15.591059
15.592559
15.594059
15.595560
15.597060
15.598560
15.600060
15.601560
15.603060
15.604560
15.606061
15.607561
15.609061
15.610561
15.612061
15.613561
15.615062
15.616562
15.618062
15.619562
15.621062
15.622562
15.624062
15.625563
15.627063
15.628563
15.630063
15.631563
15.633063
15.634563
15.636064
15.637564
15.639064
15.640564
15.642064
15.643564
15.645065
15.646565
15.648065
15.649565
15.651065
15.652565
15.654065
15.655566
15.657066
15.658566
15.660066
15.661566
15.663066
15.664566
15.666067
15.667567
15.669067
15.670567
15.672067
15.673567
15.675068
15.676568
15.678068
15.679568
15.681068
15.682568
15.684068
15.685569
15.687069
15.688569
15.690069
15.691569
15.693069
15.694569
15.696070
15.697570
15.699070
15.700570
15.702070
15.703570
15.705071
15.706571
15.708071
15.709571
15.711071
15.712571
15.714071
15.715572
15.717072
15.718572
15.720072
15.721572
15.723072
15.724572
15.726073
15.727573
15.729073
15.730573
15.732073
15.733573
15.735074
15.736574
15.738074
15.739574
15.741074
15.742574
15.744074
15.745575
15.747075
15.748575
15.750075
15.751575
15.753075
15.754575
15.756076
15.757576
15.759076
15.760576
15.762076
15.763576
15.765077
15.766577
15.768077
15.769577
15.771077
15.772577
15.774077
15.775578
15.777078
15.778578
15.780078
15.781578
15.783078
15.784578
15.786079
15.787579
15.789079
15.790579
15.792079
15.793579
15.795080
15.796580
15.798080
15.799580
15.801080
15.802580
15.804080
15.805581
15.807081
15.808581
15.810081
15.811581
15.813081
15.814581
15.816082
15.817582
15.819082
15.820582
15.822082
15.823582
15.825083
15.826583
15.828083
15.829583
15.831083
15.832583
15.834083
15.835584
15.837084
15.838584
15.840084
15.841584
15.843084
15.844584
15.846085
15.847585
15.849085
15.850585
15.852085
15.853585
15.855086
15.856586
15.858086
15.859586
15.861086
15.862586
15.864086
15.865587
15.867087
15.868587
15.870087
15.871587
15.873087
15.874587
15.876088
15.877588
15.879088
15.880588
15.882088
15.883588
15.885089
15.886589
15.888089
15.889589
15.891089
15.892589
15.894089
15.895590
15.897090
15.898590
15.900090
15.901590
15.903090
15.904590
15.906091
15.907591
15.909091
15.910591
15.912091
15.913591
15.915092
15.916592
15.918092
15.919592
15.921092
15.922592
15.924092
15.925593
15.927093
15.928593
15.930093
15.931593
15.933093
15.934593
15.936094
15.937594
15.939094
15.940594
15.942094
15.943594
15.945095
15.946595
15.948095
15.949595
15.951095
15.952595
15.954095
15.955596
15.957096
15.958596
15.960096
15.961596
15.963096
15.964596
15.966097
15.967597
15.969097
15.970597
15.972097
15.973597
15.975098
15.976598
15.978098
15.979598
15.981098
15.982598
15.984098
15.985599
15.987099
15.988599
15.990099
15.991599
15.993099
15.994599
15.996100
15.997600
15.999100
16.000600
16.002100
16.003600
16.005101
16.006601
16.008101
16.009601
16.011101
16.012601
16.014101
16.015602
16.017102
16.018602
16.020102
16.021602
16.023102
16.024602
16.026103
16.027603
16.029103
16.030603
16.032103
16.033603
16.035104
16.036604
16.038104
16.039604
16.041104
16.042604
16.044104
16.045605
16.047105
16.048605
16.050105
16.051605
16.053105
16.054605
16.056106
16.057606
16.059106
16.060606
16.062106
16.063606
16.065107
16.066607
16.068107
16.069607
16.071107
16.072607
16.074107
16.075608
16.077108
16.078608
16.080108
16.081608
16.083108
16.084608
16.086109
16.087609
16.089109
16.090609
16.092109
16.093609
16.095110
16.096610
16.098110
16.099610
16.101110
16.102610
16.104110
16.105611
16.107111
16.108611
16.110111
16.111611
16.113111
16.114611
16.116112
16.117612
16.119112
16.120612
16.122112
16.123612
16.125113
16.126613
16.128113
16.129613
16.131113
16.132613
16.134113
16.135614
16.137114
16.138614
16.140114
16.141614
16.143114
16.144614
16.146115
16.147615
16.149115
16.150615
16.152115
16.153615
16.155116
16.156616
16.158116
16.159616
16.161116
16.162616
16.164116
16.165617
16.167117
16.168617
16.170117
16.171617
16.173117
16.174617
16.176118
16.177618
16.179118
16.180618
16.182118
16.183618
16.185119
16.186619
16.188119
16.189619
16.191119
16.192619
16.194119
16.195620
16.197120
16.198620
16.200120
16.201620
16.203120
16.204620
16.206121
16.207621
16.209121
16.210621
16.212121
16.213621
16.215122
16.216622
16.218122
16.219622
16.221122
16.222622
16.224122
16.225623
16.227123
16.228623
16.230123
16.231623
16.233123
16.234623
16.236124
16.237624
16.239124
16.240624
16.242124
16.243624
16.245125
16.246625
16.248125
16.249625
16.251125
16.252625
16.254125
16.255626
16.257126
16.258626
16.260126
16.261626
16.263126
16.264626
16.266127
16.267627
16.269127
16.270627
16.272127
16.273627
16.275128
16.276628
16.278128
16.279628
16.281128
16.282628
16.284128
16.285629
16.287129
16.288629
16.290129
16.291629
16.293129
16.294629
16.296130
16.297630
16.299130
16.300630
16.302130
16.303630
16.305131
16.306631
16.308131
16.309631
16.311131
16.312631
16.314131
16.315632
16.317132
16.318632
16.320132
16.321632
16.323132
16.324632
16.326133
16.327633
16.329133
16.330633
16.332133
16.333633
16.335134
16.336634
16.338134
16.339634
16.341134
16.342634
16.344134
16.345635
16.347135
16.348635
16.350135
16.351635
16.353135
16.354635
16.356136
16.357636
16.359136
16.360636
16.362136
16.363636
16.365137
16.366637
16.368137
16.369637
16.371137
16.372637
16.374137
16.375638
16.377138
16.378638
16.380138
16.381638
16.383138
16.384638
16.386139
16.387639
16.389139
16.390639
16.392139
16.393639
16.395140
16.396640
16.398140
16.399640
16.401140
16.402640
16.404140
16.405641
16.407141
16.408641
16.410141
16.411641
16.413141
16.414641
16.416142
16.417642
16.419142
16.420642
16.422142
16.423642
16.425143
16.426643
16.428143
16.429643
16.431143
16.432643
16.434143
16.435644
16.437144
16.438644
16.440144
16.441644
16.443144
16.444644
16.446145
16.447645
16.449145
16.450645
16.452145
16.453645
16.455146
16.456646
16.458146
16.459646
16.461146
16.462646
16.464146
16.465647
16.467147
16.468647
16.470147
16.471647
16.473147
16.474647
16.476148
16.477648
16.479148
16.480648
16.482148
16.483648
16.485149
16.486649
16.488149
16.489649
16.491149
16.492649
16.494149
16.495650
16.497150
16.498650
16.500150
16.501650
16.503150
16.504650
16.506151
16.507651
16.509151
16.510651
16.512151
16.513651
16.515152
16.516652
16.518152
16.519652
16.521152
16.522652
16.524152
16.525653
16.527153
16.528653
16.530153
16.531653
16.533153
16.534653
16.536154
16.537654
16.539154
16.540654
16.542154
16.543654
16.545155
16.546655
16.548155
16.549655
16.551155
16.552655
16.554155
16.555656
16.557156
16.558656
16.560156
16.561656
16.563156
16.564656
16.566157
16.567657
16.569157
16.570657
16.572157
16.573657
16.575158
16.576658
16.578158
16.579658
16.581158
16.582658
16.584158
16.585659
16.587159
16.588659
16.590159
16.591659
16.593159
16.594659
16.596160
16.597660
16.599160
16.600660
16.602160
16.603660
16.605161
16.606661
16.608161
16.609661
16.611161
16.612661
16.614161
16.615662
16.617162
16.618662
16.620162
16.621662
16.623162
16.624662
16.626163
16.627663
16.629163
16.630663
16.632163
16.633663
16.635164
16.636664
16.638164
16.639664
16.641164
16.642664
16.644164
16.645665
16.647165
16.648665
16.650165
16.651665
16.653165
16.654665
16.656166
16.657666
16.659166
16.660666
16.662166
16.663666
16.665167
16.666667
16.668167
16.669667
16.671167
16.672667
16.674167
16.675668
16.677168
16.678668
16.680168
16.681668
16.683168
16.684668
16.686169
16.687669
16.689169
16.690669
16.692169
16.693669
16.695170
16.696670
16.698170
16.699670
16.701170
16.702670
16.704170
16.705671
16.707171
16.708671
16.710171
16.711671
16.713171
16.714671
16.716172
16.717672
16.719172
16.720672
16.722172
16.723672
16.725173
16.726673
16.728173
16.729673
16.731173
16.732673
16.734173
16.735674
16.737174
16.738674
16.740174
16.741674
16.743174
16.744674
16.746175
16.747675
16.749175
16.750675
16.752175
16.753675
16.755176
16.756676
16.758176
16.759676
16.761176
16.762676
16.764176
16.765677
16.767177
16.768677
16.770177
16.771677
16.773177
16.774677
16.776178
16.777678
16.779178
16.780678
16.782178
16.783678
16.785179
16.786679
16.788179
16.789679
16.791179
16.792679
16.794179
16.795680
16.797180
16.798680
16.800180
16.801680
16.803180
16.804680
16.806181
16.807681
16.809181
16.810681
16.812181
16.813681
16.815182
16.816682
16.818182
16.819682
16.821182
16.822682
16.824182
16.825683
16.827183
16.828683
16.830183
16.831683
16.833183
16.834683
16.836184
16.837684
16.839184
16.840684
16.842184
16.843684
16.845185
16.846685
16.848185
16.849685
16.851185
16.852685
16.854185
16.855686
16.857186
16.858686
16.860186
16.861686
16.863186
16.864686
16.866187
16.867687
16.869187
16.870687
16.872187
16.873687
16.875188
16.876688
16.878188
16.879688
16.881188
16.882688
16.884188
16.885689
16.887189
16.888689
16.890189
16.891689
16.893189
16.894689
16.896190
16.897690
16.899190
16.900690
16.902190
16.903690
16.905191
16.906691
16.908191
16.909691
16.911191
16.912691
16.914191
16.915692
16.917192
16.918692
16.920192
16.921692
16.923192
16.924692
16.926193
16.927693
16.929193
16.930693
16.932193
16.933693
16.935194
16.936694
16.938194
16.939694
16.941194
16.942694
16.944194
16.945695
16.947195
16.948695
16.950195
16.951695
16.953195
16.954695
16.956196
16.957696
16.959196
16.960696
16.962196
16.963696
16.965197
16.966697
16.968197
16.969697
16.971197
16.972697
16.974197
16.975698
16.977198
16.978698
16.980198
16.981698
16.983198
16.984698
16.986199
16.987699
16.989199
16.990699
16.992199
16.993699
16.995200
16.996700
16.998200
16.999700
17.001200
17.002700
17.004200
17.005701
17.007201
17.008701
17.010201
17.011701
17.013201
17.014701
17.016202
17.017702
17.019202
17.020702
17.022202
17.023702
17.025203
17.026703
17.028203
17.029703
17.031203
17.032703
17.034203
17.035704
17.037204
17.038704
17.040204
17.041704
17.043204
17.044704
17.046205
17.047705
17.049205
17.050705
17.052205
17.053705
17.055206
17.056706
17.058206
17.059706
17.061206
17.062706
17.064206
17.065707
17.067207
17.068707
17.070207
17.071707
17.073207
17.074707
17.076208
17.077708
17.079208
17.080708
17.082208
17.083708
17.085209
17.086709
17.088209
17.089709
17.091209
17.092709
17.094209
17.095710
17.097210
17.098710
17.100210
17.101710
17.103210
17.104710
17.106211
17.107711
17.109211
17.110711
17.112211
17.113711
17.115212
17.116712
17.118212
17.119712
17.121212
17.122712
17.124212
17.125713
17.127213
17.128713
17.130213
17.131713
17.133213
17.134713
17.136214
17.137714
17.139214
17.140714
17.142214
17.143714
17.145215
17.146715
17.148215
17.149715
17.151215
17.152715
17.154215
17.155716
17.157216
17.158716
17.160216
17.161716
17.163216
17.164716
17.166217
17.167717
17.169217
17.170717
17.172217
17.173717
17.175218
17.176718
17.178218
17.179718
17.181218
17.182718
17.184218
17.185719
17.187219
17.188719
17.190219
17.191719
17.193219
17.194719
17.196220
17.197720
17.199220
17.200720
17.202220
17.203720
17.205221
17.206721
17.208221
17.209721
17.211221
17.212721
17.214221
17.215722
17.217222
17.218722
17.220222
17.221722
17.223222
17.224722
17.226223
17.227723
17.229223
17.230723
17.232223
17.233723
17.235224
17.236724
17.238224
17.239724
17.241224
17.242724
17.244224
17.245725
17.247225
17.248725
17.250225
17.251725
17.253225
17.254725
17.256226
17.257726
17.259226
17.260726
17.262226
17.263726
17.265227
17.266727
17.268227
17.269727
17.271227
17.272727
17.274227
17.275728
17.277228
17.278728
17.280228
17.281728
17.283228
17.284728
17.286229
17.287729
17.289229
17.290729
17.292229
17.293729
17.295230
17.296730
17.298230
17.299730
17.301230
17.302730
17.304230
17.305731
17.307231
17.308731
17.310231
17.311731
17.313231
17.314731
17.316232
17.317732
17.319232
17.320732
17.322232
17.323732
17.325233
17.326733
17.328233
17.329733
17.331233
17.332733
17.334233
17.335734
17.337234
17.338734
17.340234
17.341734
17.343234
17.344734
17.346235
17.347735
17.349235
17.350735
17.352235
17.353735
17.355236
17.356736
17.358236
17.359736
17.361236
17.362736
17.364236
17.365737
17.367237
17.368737
17.370237
17.371737
17.373237
17.374737
17.376238
17.377738
17.379238
17.380738
17.382238
17.383738
17.385239
17.386739
17.388239
17.389739
17.391239
17.392739
17.394239
17.395740
17.397240
17.398740
17.400240
17.401740
17.403240
17.404740
17.406241
17.407741
17.409241
17.410741
17.412241
17.413741
17.415242
17.416742
17.418242
17.419742
17.421242
17.422742
17.424242
17.425743
17.427243
17.428743
17.430243
17.431743
17.433243
17.434743
17.436244
17.437744
17.439244
17.440744
17.442244
17.443744
17.445245
17.446745
17.448245
17.449745
17.451245
17.452745
17.454245
17.455746
17.457246
17.458746
17.460246
17.461746
17.463246
17.464746
17.466247
17.467747
17.469247
17.470747
17.472247
17.473747
17.475248
17.476748
17.478248
17.479748
17.481248
17.482748
17.484248
17.485749
17.487249
17.488749
17.490249
17.491749
17.493249
17.494749
17.496250
17.497750
17.499250
17.500750
17.502250
17.503750
17.505251
17.506751
17.508251
17.509751
17.511251
17.512751
17.514251
17.515752
17.517252
17.518752
17.520252
17.521752
17.523252
17.524752
17.526253
17.527753
17.529253
17.530753
17.532253
17.533753
17.535254
17.536754
17.538254
17.539754
17.541254
17.542754
17.544254
17.545755
17.547255
17.548755
17.550255
17.551755
17.553255
17.554755
17.556256
17.557756
17.559256
17.560756
17.562256
17.563756
17.565257
17.566757
17.568257
17.569757
17.571257
17.572757
17.574257
17.575758
17.577258
17.578758
17.580258
17.581758
17.583258
17.584758
17.586259
17.587759
17.589259
17.590759
17.592259
17.593759
17.595260
17.596760
17.598260
17.599760
17.601260
17.602760
17.604260
17.605761
17.607261
17.608761
17.610261
17.611761
17.613261
17.614761
17.616262
17.617762
17.619262
17.620762
17.622262
17.623762
17.625263
17.626763
17.628263
17.629763
17.631263
17.632763
17.634263
17.635764
17.637264
17.638764
17.640264
17.641764
17.643264
17.644764
17.646265
17.647765
17.649265
17.650765
17.652265
17.653765
17.655266
17.656766
17.658266
17.659766
17.661266
17.662766
17.664266
17.665767
17.667267
17.668767
17.670267
17.671767
17.673267
17.674767
17.676268
17.677768
17.679268
17.680768
17.682268
17.683768
17.685269
17.686769
17.688269
17.689769
17.691269
17.692769
17.694269
17.695770
17.697270
17.698770
17.700270
17.701770
17.703270
17.704770
17.706271
17.707771
17.709271
17.710771
17.712271
17.713771
17.715272
17.716772
17.718272
17.719772
17.721272
17.722772
17.724272
17.725773
17.727273
17.728773
17.730273
17.731773
17.733273
17.734773
17.736274
17.737774
17.739274
17.740774
17.742274
17.743774
17.745275
17.746775
17.748275
17.749775
17.751275
17.752775
17.754275
17.755776
17.757276
17.758776
17.760276
17.761776
17.763276
17.764776
17.766277
17.767777
17.769277
17.770777
17.772277
17.773777
17.775278
17.776778
17.778278
17.779778
17.781278
17.782778
17.784278
17.785779
17.787279
17.788779
17.790279
17.791779
17.793279
17.794779
17.796280
17.797780
17.799280
17.800780
17.802280
17.803780
17.805281
17.806781
17.808281
17.809781
17.811281
17.812781
17.814281
17.815782
17.817282
17.818782
17.820282
17.821782
17.823282
17.824782
17.826283
17.827783
17.829283
17.830783
17.832283
17.833783
17.835284
17.836784
17.838284
17.839784
17.841284
17.842784
17.844284
17.845785
17.847285
17.848785
17.850285
17.851785
17.853285
17.854785
17.856286
17.857786
17.859286
17.860786
17.862286
17.863786
17.865287
17.866787
17.868287
17.869787
17.871287
17.872787
17.874287
17.875788
17.877288
17.878788
17.880288
17.881788
17.883288
17.884788
17.886289
17.887789
17.889289
17.890789
17.892289
17.893789
17.895290
17.896790
17.898290
17.899790
17.901290
17.902790
17.904290
17.905791
17.907291
17.908791
17.910291
17.911791
17.913291
17.914791
17.916292
17.917792
17.919292
17.920792
17.922292
17.923792
17.925293
17.926793
17.928293
17.929793
17.931293
17.932793
17.934293
17.935794
17.937294
17.938794
17.940294
17.941794
17.943294
17.944794
17.946295
17.947795
17.949295
17.950795
17.952295
17.953795
17.955296
17.956796
17.958296
17.959796
17.961296
17.962796
17.964296
17.965797
17.967297
17.968797
17.970297
17.971797
17.973297
17.974797
17.976298
17.977798
17.979298
17.980798
17.982298
17.983798
17.985299
17.986799
17.988299
17.989799
17.991299
17.992799
17.994299
17.995800
17.997300
17.998800
18.000300
18.001800
18.003300
18.004800
18.006301
18.007801
18.009301
18.010801
18.012301
18.013801
18.015302
18.016802
18.018302
18.019802
18.021302
18.022802
18.024302
18.025803
18.027303
18.028803
18.030303
18.031803
18.033303
18.034803
18.036304
18.037804
18.039304
18.040804
18.042304
18.043804
18.045305
18.046805
18.048305
18.049805
18.051305
18.052805
18.054305
18.055806
18.057306
18.058806
18.060306
18.061806
18.063306
18.064806
18.066307
18.067807
18.069307
18.070807
18.072307
18.073807
18.075308
18.076808
18.078308
18.079808
18.081308
18.082808
18.084308
18.085809
18.087309
18.088809
18.090309
18.091809
18.093309
18.094809
18.096310
18.097810
18.099310
18.100810
18.102310
18.103810
18.105311
18.106811
18.108311
18.109811
18.111311
18.112811
18.114311
18.115812
18.117312
18.118812
18.120312
18.121812
18.123312
18.124812
18.126313
18.127813
18.129313
18.130813
18.132313
18.133813
18.135314
18.136814
18.138314
18.139814
18.141314
18.142814
18.144314
18.145815
18.147315
18.148815
18.150315
18.151815
18.153315
18.154815
18.156316
18.157816
18.159316
18.160816
18.162316
18.163816
18.165317
18.166817
18.168317
18.169817
18.171317
18.172817
18.174317
18.175818
18.177318
18.178818
18.180318
18.181818
18.183318
18.184818
18.186319
18.187819
18.189319
18.190819
18.192319
18.193819
18.195320
18.196820
18.198320
18.199820
18.201320
18.202820
18.204320
18.205821
18.207321
18.208821
18.210321
18.211821
18.213321
18.214821
18.216322
18.217822
18.219322
18.220822
18.222322
18.223822
18.225323
18.226823
18.228323
18.229823
18.231323
18.232823
18.234323
18.235824
18.237324
18.238824
18.240324
18.241824
18.243324
18.244824
18.246325
18.247825
18.249325
18.250825
18.252325
18.253825
18.255326
18.256826
18.258326
18.259826
18.261326
18.262826
18.264326
18.265827
18.267327
18.268827
18.270327
18.271827
18.273327
18.274827
18.276328
18.277828
18.279328
18.280828
18.282328
18.283828
18.285329
18.286829
18.288329
18.289829
18.291329
18.292829
18.294329
18.295830
18.297330
18.298830
18.300330
18.301830
18.303330
18.304830
18.306331
18.307831
18.309331
18.310831
18.312331
18.313831
18.315332
18.316832
18.318332
18.319832
18.321332
18.322832
18.324332
18.325833
18.327333
18.328833
18.330333
18.331833
18.333333
18.334833
18.336334
18.337834
18.339334
18.340834
18.342334
18.343834
18.345335
18.346835
18.348335
18.349835
18.351335
18.352835
18.354335
18.355836
18.357336
18.358836
18.360336
18.361836
18.363336
18.364836
18.366337
18.367837
18.369337
18.370837
18.372337
18.373837
18.375338
18.376838
18.378338
18.379838
18.381338
18.382838
18.384338
18.385839
18.387339
18.388839
18.390339
18.391839
18.393339
18.394839
18.396340
18.397840
18.399340
18.400840
18.402340
18.403840
18.405341
18.406841
18.408341
18.409841
18.411341
18.412841
18.414341
18.415842
18.417342
18.418842
18.420342
18.421842
18.423342
18.424842
18.426343
18.427843
18.429343
18.430843
18.432343
18.433843
18.435344
18.436844
18.438344
18.439844
18.441344
18.442844
18.444344
18.445845
18.447345
18.448845
18.450345
18.451845
18.453345
18.454845
18.456346
18.457846
18.459346
18.460846
18.462346
18.463846
18.465347
18.466847
18.468347
18.469847
18.471347
18.472847
18.474347
18.475848
18.477348
18.478848
18.480348
18.481848
18.483348
18.484848
18.486349
18.487849
18.489349
18.490849
18.492349
18.493849
18.495350
18.496850
18.498350
18.499850
18.501350
18.502850
18.504350
18.505851
18.507351
18.508851
18.510351
18.511851
18.513351
18.514851
18.516352
18.517852
18.519352
18.520852
18.522352
18.523852
18.525353
18.526853
18.528353
18.529853
18.531353
18.532853
18.534353
18.535854
18.537354
18.538854
18.540354
18.541854
18.543354
18.544854
18.546355
18.547855
18.549355
18.550855
18.552355
18.553855
18.555356
18.556856
18.558356
18.559856
18.561356
18.562856
18.564356
18.565857
18.567357
18.568857
18.570357
18.571857
18.573357
18.574857
18.576358
18.577858
18.579358
18.580858
18.582358
18.583858
18.585359
18.586859
18.588359
18.589859
18.591359
18.592859
18.594359
18.595860
18.597360
18.598860
18.600360
18.601860
18.603360
18.604860
18.606361
18.607861
18.609361
18.610861
18.612361
18.613861
18.615362
18.616862
18.618362
18.619862
18.621362
18.622862
18.624362
18.625863
18.627363
18.628863
18.630363
18.631863
18.633363
18.634863
18.636364
18.637864
18.639364
18.640864
18.642364
18.643864
18.645365
18.646865
18.648365
18.649865
18.651365
18.652865
18.654365
18.655866
18.657366
18.658866
18.660366
18.661866
18.663366
18.664866
18.666367
18.667867
18.669367
18.670867
18.672367
18.673867
18.675368
18.676868
18.678368
18.679868
18.681368
18.682868
18.684368
18.685869
18.687369
18.688869
18.690369
18.691869
18.693369
18.694869
18.696370
18.697870
18.699370
18.700870
18.702370
18.703870
18.705371
18.706871
18.708371
18.709871
18.711371
18.712871
18.714371
18.715872
18.717372
18.718872
18.720372
18.721872
18.723372
18.724872
18.726373
18.727873
18.729373
18.730873
18.732373
18.733873
18.735374
18.736874
18.738374
18.739874
18.741374
18.742874
18.744374
18.745875
18.747375
18.748875
18.750375
18.751875
18.753375
18.754875
18.756376
18.757876
18.759376
18.760876
18.762376
18.763876
18.765377
18.766877
18.768377
18.769877
18.771377
18.772877
18.774377
18.775878
18.777378
18.778878
18.780378
18.781878
18.783378
18.784878
18.786379
18.787879
18.789379
18.790879
18.792379
18.793879
18.795380
18.796880
18.798380
18.799880
18.801380
18.802880
18.804380
18.805881
18.807381
18.808881
18.810381
18.811881
18.813381
18.814881
18.816382
18.817882
18.819382
18.820882
18.822382
18.823882
18.825383
18.826883
18.828383
18.829883
18.831383
18.832883
18.834383
18.835884
18.837384
18.838884
18.840384
18.841884
18.843384
18.844884
18.846385
18.847885
18.849385
18.850885
18.852385
18.853885
18.855386
18.856886
18.858386
18.859886
18.861386
18.862886
18.864386
18.865887
18.867387
18.868887
18.870387
18.871887
18.873387
18.874887
18.876388
18.877888
18.879388
18.880888
18.882388
18.883888
18.885389
18.886889
18.888389
18.889889
18.891389
18.892889
18.894389
18.895890
18.897390
18.898890
18.900390
18.901890
18.903390
18.904890
18.906391
18.907891
18.909391
18.910891
18.912391
18.913891
18.915392
18.916892
18.918392
18.919892
18.921392
18.922892
18.924392
18.925893
18.927393
18.928893
18.930393
18.931893
18.933393
18.934893
18.936394
18.937894
18.939394
18.940894
18.942394
18.943894
18.945395
18.946895
18.948395
18.949895
18.951395
18.952895
18.954395
18.955896
18.957396
18.958896
18.960396
18.961896
18.963396
18.964896
18.966397
18.967897
18.969397
18.970897
18.972397
18.973897
18.975398
18.976898
18.978398
18.979898
18.981398
18.982898
18.984398
18.985899
18.987399
18.988899
18.990399
18.991899
18.993399
18.994899
18.996400
18.997900
18.999400
19.000900
19.002400
19.003900
19.005401
19.006901
19.008401
19.009901
19.011401
19.012901
19.014401
19.015902
19.017402
19.018902
19.020402
19.021902
19.023402
19.024902
19.026403
19.027903
19.029403
19.030903
19.032403
19.033903
19.035404
19.036904
19.038404
19.039904
19.041404
19.042904
19.044404
19.045905
19.047405
19.048905
19.050405
19.051905
19.053405
19.054905
19.056406
19.057906
19.059406
19.060906
19.062406
19.063906
19.065407
19.066907
19.068407
19.069907
19.071407
19.072907
19.074407
19.075908
19.077408
19.078908
19.080408
19.081908
19.083408
19.084908
19.086409
19.087909
19.089409
19.090909
19.092409
19.093909
19.095410
19.096910
19.098410
19.099910
19.101410
19.102910
19.104410
19.105911
19.107411
19.108911
19.110411
19.111911
19.113411
19.114911
19.116412
19.117912
19.119412
19.120912
19.122412
19.123912
19.125413
19.126913
19.128413
19.129913
19.131413
19.132913
19.134413
19.135914
19.137414
19.138914
19.140414
19.141914
19.143414
19.144914
19.146415
19.147915
19.149415
19.150915
19.152415
19.153915
19.155416
19.156916
19.158416
19.159916
19.161416
19.162916
19.164416
19.165917
19.167417
19.168917
19.170417
19.171917
19.173417
19.174917
19.176418
19.177918
19.179418
19.180918
19.182418
19.183918
19.185419
19.186919
19.188419
19.189919
19.191419
19.192919
19.194419
19.195920
19.197420
19.198920
19.200420
19.201920
19.203420
19.204920
19.206421
19.207921
19.209421
19.210921
19.212421
19.213921
19.215422
19.216922
19.218422
19.219922
19.221422
19.222922
19.224422
19.225923
19.227423
19.228923
19.230423
19.231923
19.233423
19.234923
19.236424
19.237924
19.239424
19.240924
19.242424
19.243924
19.245425
19.246925
19.248425
19.249925
19.251425
19.252925
19.254425
19.255926
19.257426
19.258926
19.260426
19.261926
19.263426
19.264926
19.266427
19.267927
19.269427
19.270927
19.272427
19.273927
19.275428
19.276928
19.278428
19.279928
19.281428
19.282928
19.284428
19.285929
19.287429
19.288929
19.290429
19.291929
19.293429
19.294929
19.296430
19.297930
19.299430
19.300930
19.302430
19.303930
19.305431
19.306931
19.308431
19.309931
19.311431
19.312931
19.314431
19.315932
19.317432
19.318932
19.320432
19.321932
19.323432
19.324932
19.326433
19.327933
19.329433
19.330933
19.332433
19.333933
19.335434
19.336934
19.338434
19.339934
19.341434
19.342934
19.344434
19.345935
19.347435
19.348935
19.350435
19.351935
19.353435
19.354935
19.356436
19.357936
19.359436
19.360936
19.362436
19.363936
19.365437
19.366937
19.368437
19.369937
19.371437
19.372937
19.374437
19.375938
19.377438
19.378938
19.380438
19.381938
19.383438
19.384938
19.386439
19.387939
19.389439
19.390939
19.392439
19.393939
19.395440
19.396940
19.398440
19.399940
19.401440
19.402940
19.404440
19.405941
19.407441
19.408941
19.410441
19.411941
19.413441
19.414941
19.416442
19.417942
19.419442
19.420942
19.422442
19.423942
19.425443
19.426943
19.428443
19.429943
19.431443
19.432943
19.434443
19.435944
19.437444
19.438944
19.440444
19.441944
19.443444
19.444944
19.446445
19.447945
19.449445
19.450945
19.452445
19.453945
19.455446
19.456946
19.458446
19.459946
19.461446
19.462946
19.464446
19.465947
19.467447
19.468947
19.470447
19.471947
19.473447
19.474947
19.476448
19.477948
19.479448
19.480948
19.482448
19.483948
19.485449
19.486949
19.488449
19.489949
19.491449
19.492949
19.494449
19.495950
19.497450
19.498950
19.500450
19.501950
19.503450
19.504950
19.506451
19.507951
19.509451
19.510951
19.512451
19.513951
19.515452
19.516952
19.518452
19.519952
19.521452
19.522952
19.524452
19.525953
19.527453
19.528953
19.530453
19.531953
19.533453
19.534953
19.536454
19.537954
19.539454
19.540954
19.542454
19.543954
19.545455
19.546955
19.548455
19.549955
19.551455
19.552955
19.554455
19.555956
19.557456
19.558956
19.560456
19.561956
19.563456
19.564956
19.566457
19.567957
19.569457
19.570957
19.572457
19.573957
19.575458
19.576958
19.578458
19.579958
19.581458
19.582958
19.584458
19.585959
19.587459
19.588959
19.590459
19.591959
19.593459
19.594959
19.596460
19.597960
19.599460
19.600960
19.602460
19.603960
19.605461
19.606961
19.608461
19.609961
19.611461
19.612961
19.614461
19.615962
19.617462
19.618962
19.620462
19.621962
19.623462
19.624962
19.626463
19.627963
19.629463
19.630963
19.632463
19.633963
19.635464
19.636964
19.638464
19.639964
19.641464
19.642964
19.644464
19.645965
19.647465
19.648965
19.650465
19.651965
19.653465
19.654965
19.656466
19.657966
19.659466
19.660966
19.662466
19.663966
19.665467
19.666967
19.668467
19.669967
19.671467
19.672967
19.674467
19.675968
19.677468
19.678968
19.680468
19.681968
19.683468
19.684968
19.686469
19.687969
19.689469
19.690969
19.692469
19.693969
19.695470
19.696970
19.698470
19.699970
19.701470
19.702970
19.704470
19.705971
19.707471
19.708971
19.710471
19.711971
19.713471
19.714971
19.716472
19.717972
19.719472
19.720972
19.722472
19.723972
19.725473
19.726973
19.728473
19.729973
19.731473
19.732973
19.734473
19.735974
19.737474
19.738974
19.740474
19.741974
19.743474
19.744974
19.746475
19.747975
19.749475
19.750975
19.752475
19.753975
19.755476
19.756976
19.758476
19.759976
19.761476
19.762976
19.764476
19.765977
19.767477
19.768977
19.770477
19.771977
19.773477
19.774977
19.776478
19.777978
19.779478
19.780978
19.782478
19.783978
19.785479
19.786979
19.788479
19.789979
19.791479
19.792979
19.794479
19.795980
19.797480
19.798980
19.800480
19.801980
19.803480
19.804980
19.806481
19.807981
19.809481
19.810981
19.812481
19.813981
19.815482
19.816982
19.818482
19.819982
19.821482
19.822982
19.824482
19.825983
19.827483
19.828983
19.830483
19.831983
19.833483
19.834983
19.836484
19.837984
19.839484
19.840984
19.842484
19.843984
19.845485
19.846985
19.848485
19.849985
19.851485
19.852985
19.854485
19.855986
19.857486
19.858986
19.860486
19.861986
19.863486
19.864986
19.866487
19.867987
19.869487
19.870987
19.872487
19.873987
19.875488
19.876988
19.878488
19.879988
19.881488
19.882988
19.884488
19.885989
19.887489
19.888989
19.890489
19.891989
19.893489
19.894989
19.896490
19.897990
19.899490
19.900990
19.902490
19.903990
19.905491
19.906991
19.908491
19.909991
19.911491
19.912991
19.914491
19.915992
19.917492
19.918992
19.920492
19.921992
19.923492
19.924992
19.926493
19.927993
19.929493
19.930993
19.932493
19.933993
19.935494
19.936994
19.938494
19.939994
19.941494
19.942994
19.944494
19.945995
19.947495
19.948995
19.950495
19.951995
19.953495
19.954995
19.956496
19.957996
19.959496
19.960996
19.962496
19.963996
19.965497
19.966997
19.968497
19.969997
19.971497
19.972997
19.974497
19.975998
19.977498
19.978998
19.980498
19.981998
19.983498
19.984998
19.986499
19.987999
19.989499
19.990999
19.992499
19.993999
19.995500
19.997000
19.998500
