1.000000
0.500000
0.353553
0.279508
0.233854
0.202523
0.179518
0.161815
0.147716
0.136188
0.126562
0.118388
0.111348
0.105214
0.099815
0.095021
0.090732
0.086870
0.083370
0.080183
0.077266
0.074585
0.072112
0.069822
0.067695
0.065714
0.063862
0.062128
0.060500
0.058968
0.057524
0.056159
0.054868
0.053644
0.052482
0.051377
0.050325
0.049322
0.048364
0.047448
0.046572
0.045733
0.044928
0.044156
0.043414
0.042700
0.042013
0.041351
0.040714
0.040098
0.039504
0.038930
0.038375
0.037839
0.037319
0.036816
0.036328
0.035855
0.035397
0.034951
0.034519
0.034099
0.033690
0.033293
0.032907
0.032531
0.032165
0.031808
0.031460
0.031121
0.030791
0.030468
0.030154
0.029847
0.029547
0.029254
0.028967
0.028687
0.028414
0.028146
0.027884
0.027628
0.027377
0.027132
0.026891
0.026656
0.026425
0.026199
0.025977
0.025760
0.025546
0.025337
0.025132
0.024931
0.024733
0.024539
0.024349
0.024162
0.023978
0.023797
0.023620
0.023446
0.023274
0.023106
0.022940
0.022777
0.022617
0.022460
0.022304
0.022152
0.022002
0.021854
0.021708
0.021565
0.021424
0.021285
0.021148
0.021013
0.020880
0.020749
0.020620
0.020493
0.020368
0.020244
0.020123
0.020002
0.019884
0.019767
0.019652
0.019538
0.019426
0.019315
0.019206
0.019098
0.018992
0.018887
0.018783
0.018681
0.018580
0.018480
0.018381
0.018284
0.018188
0.018093
0.017999
0.017906
0.017815
0.017724
0.017635
0.017546
0.017459
0.017373
0.017287
0.017203
0.017119
0.017037
0.016955
0.016875
0.016795
0.016716
0.016638
0.016561
0.016484
0.016409
0.016334
0.016260
0.016187
0.016114
0.016043
0.015972
0.015902
0.015832
0.015763
0.015695
0.015628
0.015561
0.015495
0.015430
0.015365
0.015301
0.015237
0.015174
0.015112
0.015050
0.014989
0.014929
0.014869
0.014809
0.014750
0.014692
0.014634
0.014577
0.014520
0.014464
0.014408
0.014353
0.014298
0.014244
0.014190
0.014137
0.014084
0.014031
0.013980
0.013928
0.013877
0.013826
0.013776
0.013726
0.013677
0.013628
0.013580
0.013531
0.013484
0.013436
0.013389
0.013343
0.013297
0.013251
0.013205
0.013160
0.013116
0.013071
0.013027
0.012983
0.012940
0.012897
0.012854
0.012812
0.012770
0.012728
0.012687
0.012646
0.012605
0.012565
0.012524
0.012485
0.012445
0.012406
0.012367
0.012328
0.012290
0.012251
0.012214
0.012176
0.012139
0.012102
0.012065
0.012028
0.011992
0.011956
0.011920
0.011885
0.011849
0.011814
0.011780
0.011745
0.011711
0.011677
0.011643
0.011609
0.011576
0.011542
0.011509
0.011477
0.011444
0.011412
0.011380
0.011348
0.011316
0.011285
0.011253
0.011222
0.011192
0.011161
0.011130
0.011100
0.011070
0.011040
0.011010
0.010981
0.010951
0.010922
0.010893
0.010865
0.010836
0.010807
0.010779
0.010751
0.010723
0.010695
0.010668
0.010640
0.010613
0.010586
0.010559
0.010532
0.010506
0.010479
0.010453
0.010427
0.010401
0.010375
0.010349
0.010323
0.010298
0.010273
0.010248
0.010223
0.010198
0.010173
0.010149
0.010124
0.010100
0.010076
0.010052
0.010028
0.010004
0.009980
0.009957
0.009934
0.009910
0.009887
0.009864
0.009841
0.009819
0.009796
0.009774
0.009751
0.009729
0.009707
0.009685
0.009663
0.009641
0.009619
0.009598
0.009576
0.009555
0.009534
0.009513
0.009492
0.009471
0.009450
0.009429
0.009409
0.009388
0.009368
0.009348
0.009327
0.009307
0.009287
0.009268
0.009248
0.009228
0.009209
0.009189
0.009170
0.009150
0.009131
0.009112
0.009093
0.009074
0.009055
0.009037
0.009018
0.008999
0.008981
0.008963
0.008944
0.008926
0.008908
0.008890
0.008872
0.008854
0.008836
0.008819
0.008801
0.008784
0.008766
0.008749
0.008732
0.008714
0.008697
0.008680
0.008663
0.008646
0.008629
0.008613
0.008596
0.008579
0.008563
0.008547
0.008530
0.008514
0.008498
0.008481
0.008465
0.008449
0.008433
0.008418
0.008402
0.008386
0.008370
0.008355
0.008339
0.008324
0.008308
0.008293
0.008278
0.008263
0.008248
0.008232
0.008217
0.008203
0.008188
0.008173
0.008158
0.008143
0.008129
0.008114
0.008100
0.008085
0.008071
0.008057
0.008042
0.008028
0.008014
0.008000
0.007986
0.007972
0.007958
0.007944
0.007930
0.007917
0.007903
0.007889
0.007876
0.007862
0.007849
0.007835
0.007822
0.007809
0.007795
0.007782
0.007769
0.007756
0.007743
0.007730
0.007717
0.007704
0.007691
0.007678
0.007665
0.007653
0.007640
0.007628
0.007615
0.007602
0.007590
0.007578
0.007565
0.007553
0.007541
0.007528
0.007516
0.007504
0.007492
0.007480
0.007468
0.007456
0.007444
0.007432
0.007420
0.007409
0.007397
0.007385
0.007374
0.007362
0.007350
0.007339
0.007327
0.007316
0.007305
0.007293
0.007282
0.007271
0.007259
0.007248
0.007237
0.007226
0.007215
0.007204
0.007193
0.007182
0.007171
0.007160
0.007149
0.007139
0.007128
0.007117
0.007106
0.007096
0.007085
0.007075
0.007064
0.007054
0.007043
0.007033
0.007022
0.007012
0.007002
0.006991
0.006981
0.006971
0.006961
0.006950
0.006940
0.006930
0.006920
0.006910
0.006900
0.006890
0.006880
0.006871
0.006861
0.006851
0.006841
0.006831
0.006822
0.006812
0.006802
0.006793
0.006783
0.006774
0.006764
0.006755
0.006745
0.006736
0.006726
0.006717
0.006708
0.006698
0.006689
0.006680
0.006671
0.006661
0.006652
0.006643
0.006634
0.006625
0.006616
0.006607
0.006598
0.006589
0.006580
0.006571
0.006562
0.006553
0.006545
0.006536
0.006527
0.006518
0.006510
0.006501
0.006492
0.006484
0.006475
0.006466
0.006458
0.006449
0.006441
0.006432
0.006424
0.006416
0.006407
0.006399
0.006391
0.006382
0.006374
0.006366
0.006357
0.006349
0.006341
0.006333
0.006325
0.006317
0.006309
0.006300
0.006292
0.006284
0.006276
0.006268
0.006260
0.006253
0.006245
0.006237
0.006229
0.006221
0.006213
0.006206
0.006198
0.006190
0.006182
0.006175
0.006167
0.006159
0.006152
0.006144
0.006136
0.006129
0.006121
0.006114
0.006106
0.006099
0.006091
0.006084
0.006077
0.006069
0.006062
0.006054
0.006047
0.006040
0.006033
0.006025
0.006018
0.006011
0.006004
0.005996
0.005989
0.005982
0.005975
0.005968
0.005961
0.005954
0.005947
0.005940
0.005933
0.005926
0.005919
0.005912
0.005905
0.005898
0.005891
0.005884
0.005877
0.005870
0.005864
0.005857
0.005850
0.005843
0.005837
0.005830
0.005823
0.005816
0.005810
0.005803
0.005796
0.005790
0.005783
0.005777
0.005770
0.005763
0.005757
0.005750
0.005744
0.005737
0.005731
0.005725
0.005718
0.005712
0.005705
0.005699
0.005693
0.005686
0.005680
0.005674
0.005667
0.005661
0.005655
0.005648
0.005642
0.005636
0.005630
0.005624
0.005617
0.005611
0.005605
0.005599
0.005593
0.005587
0.005581
0.005575
0.005569
0.005563
0.005557
0.005551
0.005545
0.005539
0.005533
0.005527
0.005521
0.005515
0.005509
0.005503
0.005497
0.005491
0.005486
0.005480
0.005474
0.005468
0.005462
0.005457
0.005451
0.005445
0.005439
0.005434
0.005428
0.005422
0.005417
0.005411
0.005405
0.005400
0.005394
0.005389
0.005383
0.005377
0.005372
0.005366
0.005361
0.005355
0.005350
0.005344
0.005339
0.005333
0.005328
0.005322
0.005317
0.005312
0.005306
0.005301
0.005295
0.005290
0.005285
0.005279
0.005274
0.005269
0.005263
0.005258
0.005253
0.005248
0.005242
0.005237
0.005232
0.005227
0.005221
0.005216
0.005211
0.005206
0.005201
0.005196
0.005191
0.005185
0.005180
0.005175
0.005170
0.005165
0.005160
0.005155
0.005150
0.005145
0.005140
0.005135
0.005130
0.005125
0.005120
0.005115
0.005110
0.005105
0.005100
0.005095
0.005090
0.005085
0.005081
0.005076
0.005071
0.005066
0.005061
0.005056
0.005052
0.005047
0.005042
0.005037
0.005032
0.005028
0.005023
0.005018
0.005013
0.005009
0.005004
0.004999
0.004995
0.004990
0.004985
0.004981
0.004976
0.004971
0.004967
0.004962
0.004957
0.004953
0.004948
0.004944
0.004939
0.004935
0.004930
0.004925
0.004921
0.004916
0.004912
0.004907
0.004903
0.004898
0.004894
0.004889
0.004885
0.004881
0.004876
0.004872
0.004867
0.004863
0.004858
0.004854
0.004850
0.004845
0.004841
0.004837
0.004832
0.004828
0.004824
0.004819
0.004815
0.004811
0.004806
0.004802
0.004798
0.004794
0.004789
0.004785
0.004781
0.004777
0.004772
0.004768
0.004764
0.004760
0.004756
0.004752
0.004747
0.004743
0.004739
0.004735
0.004731
0.004727
0.004723
0.004718
0.004714
0.004710
0.004706
0.004702
0.004698
0.004694
0.004690
0.004686
0.004682
0.004678
0.004674
0.004670
0.004666
0.004662
0.004658
0.004654
0.004650
0.004646
0.004642
0.004638
0.004634
0.004630
0.004626
0.004622
0.004618
0.004615
0.004611
0.004607
0.004603
0.004599
0.004595
0.004591
0.004587
0.004584
0.004580
0.004576
0.004572
0.004568
0.004565
0.004561
0.004557
0.004553
0.004549
0.004546
0.004542
0.004538
0.004534
0.004531
0.004527
0.004523
0.004520
0.004516
0.004512
0.004508
0.004505
0.004501
0.004497
0.004494
0.004490
0.004486
0.004483
0.004479
0.004476
0.004472
0.004468
0.004465
0.004461
0.004457
0.004454
0.004450
0.004447
0.004443
0.004440
0.004436
0.004432
0.004429
0.004425
0.004422
0.004418
0.004415
0.004411
0.004408
0.004404
0.004401
0.004397
0.004394
0.004390
0.004387
0.004383
0.004380
0.004377
0.004373
0.004370
0.004366
0.004363
0.004359
0.004356
0.004353
0.004349
0.004346
0.004342
0.004339
0.004336
0.004332
0.004329
0.004326
0.004322
0.004319
0.004316
0.004312
0.004309
0.004306
0.004302
0.004299
0.004296
0.004292
0.004289
0.004286
0.004283
0.004279
0.004276
0.004273
0.004270
0.004266
0.004263
0.004260
0.004257
0.004253
0.004250
0.004247
0.004244
0.004241
0.004237
0.004234
0.004231
0.004228
0.004225
0.004222
0.004218
0.004215
0.004212
0.004209
0.004206
0.004203
0.004200
0.004196
0.004193
0.004190
0.004187
0.004184
0.004181
0.004178
0.004175
0.004172
0.004169
0.004165
0.004162
0.004159
0.004156
0.004153
0.004150
0.004147
0.004144
0.004141
0.004138
0.004135
0.004132
0.004129
0.004126
0.004123
0.004120
0.004117
0.004114
0.004111
0.004108
0.004105
0.004102
0.004099
0.004096
0.004093
0.004090
0.004087
0.004085
0.004082
0.004079
0.004076
0.004073
0.004070
0.004067
0.004064
0.004061
0.004058
0.004055
0.004053
0.004050
0.004047
0.004044
0.004041
0.004038
0.004035
0.004033
0.004030
0.004027
0.004024
0.004021
0.004018
0.004016
0.004013
0.004010
0.004007
0.004004
0.004002
0.003999
0.003996
0.003993
0.003990
0.003988
0.003985
0.003982
0.003979
0.003977
0.003974
0.003971
0.003968
0.003966
0.003963
0.003960
0.003957
0.003955
0.003952
0.003949
0.003947
0.003944
0.003941
0.003939
0.003936
0.003933
0.003930
0.003928
0.003925
0.003922
0.003920
0.003917
0.003914
0.003912
0.003909
0.003907
0.003904
0.003901
0.003899
0.003896
0.003893
0.003891
0.003888
0.003886
0.003883
0.003880
0.003878
0.003875
0.003873
0.003870
0.003867
0.003865
0.003862
0.003860
0.003857
0.003855
0.003852
0.003849
0.003847
0.003844
0.003842
0.003839
0.003837
0.003834
0.003832
0.003829
0.003827
0.003824
0.003822
0.003819
0.003817
0.003814
0.003812
0.003809
0.003807
0.003804
0.003802
0.003799
0.003797
0.003794
0.003792
0.003789
0.003787
0.003784
0.003782
0.003780
0.003777
0.003775
0.003772
0.003770
0.003767
0.003765
0.003763
0.003760
0.003758
0.003755
0.003753
0.003750
0.003748
0.003746
0.003743
0.003741
0.003739
0.003736
0.003734
0.003731
0.003729
0.003727
0.003724
0.003722
0.003720
0.003717
0.003715
0.003713
0.003710
0.003708
0.003706
0.003703
0.003701
0.003699
0.003696
0.003694
0.003692
0.003689
0.003687
0.003685
0.003682
0.003680
0.003678
0.003675
0.003673
0.003671
0.003669
0.003666
0.003664
0.003662
0.003659
0.003657
0.003655
0.003653
0.003650
0.003648
0.003646
0.003644
0.003641
0.003639
0.003637
0.003635
0.003633
0.003630
0.003628
0.003626
0.003624
0.003621
0.003619
0.003617
0.003615
0.003613
0.003610
0.003608
0.003606
0.003604
0.003602
0.003599
0.003597
0.003595
0.003593
0.003591
0.003589
0.003586
0.003584
0.003582
0.003580
0.003578
0.003576
0.003574
0.003571
0.003569
0.003567
0.003565
0.003563
0.003561
0.003559
0.003556
0.003554
0.003552
0.003550
0.003548
0.003546
0.003544
0.003542
0.003540
0.003537
0.003535
0.003533
0.003531
0.003529
0.003527
0.003525
0.003523
0.003521
0.003519
0.003517
0.003515
0.003513
0.003510
0.003508
0.003506
0.003504
0.003502
0.003500
0.003498
0.003496
0.003494
0.003492
0.003490
0.003488
0.003486
0.003484
0.003482
0.003480
0.003478
0.003476
0.003474
0.003472
0.003470
0.003468
0.003466
0.003464
0.003462
0.003460
0.003458
0.003456
0.003454
0.003452
0.003450
0.003448
0.003446
0.003444
0.003442
0.003440
0.003438
0.003436
0.003434
0.003432
0.003430
0.003428
0.003426
0.003425
0.003423
0.003421
0.003419
0.003417
0.003415
0.003413
0.003411
0.003409
0.003407
0.003405
0.003403
0.003401
0.003400
0.003398
0.003396
0.003394
0.003392
0.003390
0.003388
0.003386
0.003384
0.003382
0.003381
0.003379
0.003377
0.003375
0.003373
0.003371
0.003369
0.003367
0.003366
0.003364
0.003362
0.003360
0.003358
0.003356
0.003354
0.003353
0.003351
0.003349
0.003347
0.003345
0.003343
0.003342
0.003340
0.003338
0.003336
0.003334
0.003332
0.003331
0.003329
0.003327
0.003325
0.003323
0.003322
0.003320
0.003318
0.003316
0.003314
0.003312
0.003311
0.003309
0.003307
0.003305
0.003304
0.003302
0.003300
0.003298
0.003296
0.003295
0.003293
0.003291
0.003289
0.003288
0.003286
0.003284
0.003282
0.003281
0.003279
0.003277
0.003275
0.003274
0.003272
0.003270
0.003268
0.003267
0.003265
0.003263
0.003261
0.003260
0.003258
0.003256
0.003254
0.003253
0.003251
0.003249
0.003248
0.003246
0.003244
0.003242
0.003241
0.003239
0.003237
0.003236
0.003234
0.003232
0.003230
0.003229
0.003227
0.003225
0.003224
0.003222
0.003220
0.003219
0.003217
0.003215
0.003214
0.003212
0.003210
0.003209
0.003207
0.003205
0.003204
0.003202
0.003200
0.003199
0.003197
0.003195
0.003194
0.003192
0.003190
0.003189
0.003187
0.003185
0.003184
0.003182
0.003181
0.003179
0.003177
0.003176
0.003174
0.003172
0.003171
0.003169
0.003168
0.003166
0.003164
0.003163
0.003161
0.003159
0.003158
0.003156
0.003155
0.003153
0.003151
0.003150
0.003148
0.003147
0.003145
0.003143
0.003142
0.003140
0.003139
0.003137
0.003136
0.003134
0.003132
0.003131
0.003129
0.003128
0.003126
0.003125
0.003123
0.003121
0.003120
0.003118
0.003117
0.003115
0.003114
0.003112
0.003111
0.003109
0.003107
0.003106
0.003104
0.003103
0.003101
0.003100
0.003098
0.003097
0.003095
0.003094
0.003092
0.003090
0.003089
0.003087
0.003086
0.003084
0.003083
0.003081
0.003080
0.003078
0.003077
0.003075
0.003074
0.003072
0.003071
0.003069
0.003068
0.003066
0.003065
0.003063
0.003062
0.003060
0.003059
0.003057
0.003056
0.003054
0.003053
0.003051
0.003050
0.003048
0.003047
0.003045
0.003044
0.003042
0.003041
0.003040
0.003038
0.003037
0.003035
0.003034
0.003032
0.003031
0.003029
0.003028
0.003026
0.003025
0.003023
0.003022
0.003021
0.003019
0.003018
0.003016
0.003015
0.003013
0.003012
0.003010
0.003009
0.003008
0.003006
0.003005
0.003003
0.003002
0.003000
0.002999
0.002998
0.002996
0.002995
0.002993
0.002992
0.002990
0.002989
0.002988
0.002986
0.002985
0.002983
0.002982
0.002981
0.002979
0.002978
0.002976
0.002975
0.002974
0.002972
0.002971
0.002969
0.002968
0.002967
0.002965
0.002964
0.002962
0.002961
0.002960
0.002958
0.002957
0.002956
0.002954
0.002953
0.002951
0.002950
0.002949
0.002947
0.002946
0.002945
0.002943
0.002942
0.002941
0.002939
0.002938
0.002936
0.002935
0.002934
0.002932
0.002931
0.002930
0.002928
0.002927
0.002926
0.002924
0.002923
0.002922
0.002920
0.002919
0.002918
0.002916
0.002915
0.002914
0.002912
0.002911
0.002910
0.002908
0.002907
0.002906
0.002904
0.002903
0.002902
0.002900
0.002899
0.002898
0.002896
0.002895
0.002894
0.002892
0.002891
0.002890
0.002889
0.002887
0.002886
0.002885
0.002883
0.002882
0.002881
0.002879
0.002878
0.002877
0.002876
0.002874
0.002873
0.002872
0.002870
0.002869
0.002868
0.002867
0.002865
0.002864
0.002863
0.002861
0.002860
0.002859
0.002858
0.002856
0.002855
0.002854
0.002853
0.002851
0.002850
0.002849
0.002847
0.002846
0.002845
0.002844
0.002842
0.002841
0.002840
0.002839
0.002837
0.002836
0.002835
0.002834
0.002832
0.002831
0.002830
0.002829
0.002827
0.002826
0.002825
0.002824
0.002822
0.002821
0.002820
0.002819
0.002818
0.002816
0.002815
0.002814
0.002813
0.002811
0.002810
0.002809
0.002808
0.002807
0.002805
0.002804
0.002803
0.002802
0.002800
0.002799
0.002798
0.002797
0.002796
0.002794
0.002793
0.002792
0.002791
0.002790
0.002788
0.002787
0.002786
0.002785
0.002784
0.002782
0.002781
0.002780
0.002779
0.002778
0.002776
0.002775
0.002774
0.002773
0.002772
0.002770
0.002769
0.002768
0.002767
0.002766
0.002765
0.002763
0.002762
0.002761
0.002760
0.002759
0.002758
0.002756
0.002755
0.002754
0.002753
0.002752
0.002750
0.002749
0.002748
0.002747
0.002746
0.002745
0.002744
0.002742
0.002741
0.002740
0.002739
0.002738
0.002737
0.002735
0.002734
0.002733
0.002732
0.002731
0.002730
0.002729
0.002727
0.002726
0.002725
0.002724
0.002723
0.002722
0.002721
0.002719
0.002718
0.002717
0.002716
0.002715
0.002714
0.002713
0.002712
0.002710
0.002709
0.002708
0.002707
0.002706
0.002705
0.002704
0.002703
0.002701
0.002700
0.002699
0.002698
0.002697
0.002696
0.002695
0.002694
0.002693
0.002691
0.002690
0.002689
0.002688
0.002687
0.002686
0.002685
0.002684
0.002683
0.002682
0.002680
0.002679
0.002678
0.002677
0.002676
0.002675
0.002674
0.002673
0.002672
0.002671
0.002670
0.002668
0.002667
0.002666
0.002665
0.002664
0.002663
0.002662
0.002661
0.002660
0.002659
0.002658
0.002657
0.002656
0.002654
0.002653
0.002652
0.002651
0.002650
0.002649
0.002648
0.002647
0.002646
0.002645
0.002644
0.002643
0.002642
0.002641
0.002640
0.002638
0.002637
0.002636
0.002635
0.002634
0.002633
0.002632
0.002631
0.002630
0.002629
0.002628
0.002627
0.002626
0.002625
0.002624
0.002623
0.002622
0.002621
0.002620
0.002619
0.002618
0.002616
0.002615
0.002614
0.002613
0.002612
0.002611
0.002610
0.002609
0.002608
0.002607
0.002606
0.002605
0.002604
0.002603
0.002602
0.002601
0.002600
0.002599
0.002598
0.002597
0.002596
0.002595
0.002594
0.002593
0.002592
0.002591
0.002590
0.002589
0.002588
0.002587
0.002586
0.002585
0.002584
0.002583
0.002582
0.002581
0.002580
0.002579
0.002578
0.002577
0.002576
0.002575
0.002574
0.002573
0.002572
0.002571
0.002570
0.002569
0.002568
0.002567
0.002566
0.002565
0.002564
0.002563
0.002562
0.002561
0.002560
0.002559
0.002558
0.002557
0.002556
0.002555
0.002554
0.002553
0.002552
0.002551
0.002550
0.002549
0.002548
0.002547
0.002546
0.002545
0.002544
0.002543
0.002542
0.002541
0.002540
0.002539
0.002538
0.002538
0.002537
0.002536
0.002535
0.002534
0.002533
0.002532
0.002531
0.002530
0.002529
0.002528
0.002527
0.002526
0.002525
0.002524
0.002523
0.002522
0.002521
0.002520
0.002519
0.002518
0.002517
0.002516
0.002516
0.002515
0.002514
0.002513
0.002512
0.002511
0.002510
0.002509
0.002508
0.002507
0.002506
0.002505
0.002504
0.002503
0.002502
0.002501
0.002501
0.002500
0.002499
0.002498
0.002497
0.002496
0.002495
0.002494
0.002493
0.002492
0.002491
0.002490
0.002489
0.002488
0.002488
0.002487
0.002486
0.002485
0.002484
0.002483
0.002482
0.002481
0.002480
0.002479
0.002478
0.002477
0.002477
0.002476
0.002475
0.002474
0.002473
0.002472
0.002471
0.002470
0.002469
0.002468
0.002467
0.002467
0.002466
0.002465
0.002464
0.002463
0.002462
0.002461
0.002460
0.002459
0.002458
0.002458
0.002457
0.002456
0.002455
0.002454
0.002453
0.002452
0.002451
0.002450
0.002450
0.002449
0.002448
0.002447
0.002446
0.002445
0.002444
0.002443
0.002442
0.002442
0.002441
0.002440
0.002439
0.002438
0.002437
0.002436
0.002435
0.002435
0.002434
0.002433
0.002432
0.002431
0.002430
0.002429
0.002428
0.002428
0.002427
0.002426
0.002425
0.002424
0.002423
0.002422
0.002422
0.002421
0.002420
0.002419
0.002418
0.002417
0.002416
0.002415
0.002415
0.002414
0.002413
0.002412
0.002411
0.002410
0.002409
0.002409
0.002408
0.002407
0.002406
0.002405
0.002404
0.002404
0.002403
0.002402
0.002401
0.002400
0.002399
0.002398
0.002398
0.002397
0.002396
0.002395
0.002394
0.002393
0.002393
0.002392
0.002391
0.002390
0.002389
0.002388
0.002387
0.002387
0.002386
0.002385
0.002384
0.002383
0.002382
0.002382
0.002381
0.002380
0.002379
0.002378
0.002377
0.002377
0.002376
0.002375
0.002374
0.002373
0.002373
0.002372
0.002371
0.002370
0.002369
0.002368
0.002368
0.002367
0.002366
0.002365
0.002364
0.002363
0.002363
0.002362
0.002361
0.002360
0.002359
0.002359
0.002358
0.002357
0.002356
0.002355
0.002355
0.002354
0.002353
0.002352
0.002351
0.002351
0.002350
0.002349
0.002348
0.002347
0.002346
0.002346
0.002345
0.002344
0.002343
0.002342
0.002342
0.002341
0.002340
0.002339
0.002338
0.002338
0.002337
0.002336
0.002335
0.002334
0.002334
0.002333
0.002332
0.002331
0.002331
0.002330
0.002329
0.002328
0.002327
0.002327
0.002326
0.002325
0.002324
0.002323
0.002323
0.002322
0.002321
0.002320
0.002320
0.002319
0.002318
0.002317
0.002316
0.002316
0.002315
0.002314
0.002313
0.002313
0.002312
0.002311
0.002310
0.002309
0.002309
0.002308
0.002307
0.002306
0.002306
0.002305
0.002304
0.002303
0.002302
0.002302
0.002301
0.002300
0.002299
0.002299
0.002298
0.002297
0.002296
0.002296
0.002295
0.002294
0.002293
0.002293
0.002292
0.002291
0.002290
0.002289
0.002289
0.002288
0.002287
0.002286
0.002286
0.002285
0.002284
0.002283
0.002283
0.002282
0.002281
0.002280
0.002280
0.002279
0.002278
0.002277
0.002277
0.002276
0.002275
0.002274
0.002274
0.002273
0.002272
0.002271
0.002271
0.002270
0.002269
0.002268
0.002268
0.002267
0.002266
0.002265
0.002265
0.002264
0.002263
0.002263
0.002262
0.002261
0.002260
0.002260
0.002259
0.002258
0.002257
0.002257
0.002256
0.002255
0.002254
0.002254
0.002253
0.002252
0.002252
0.002251
0.002250
0.002249
0.002249
0.002248
0.002247
0.002246
0.002246
0.002245
0.002244
0.002244
0.002243
0.002242
0.002241
0.002241
0.002240
0.002239
0.002238
0.002238
0.002237
0.002236
0.002236
0.002235
0.002234
0.002233
0.002233
0.002232
0.002231
0.002231
0.002230
0.002229
0.002228
0.002228
0.002227
0.002226
0.002226
0.002225
0.002224
0.002223
0.002223
0.002222
0.002221
0.002221
0.002220
0.002219
0.002219
0.002218
0.002217
0.002216
0.002216
0.002215
0.002214
0.002214
0.002213
0.002212
0.002211
0.002211
0.002210
0.002209
0.002209
0.002208
0.002207
0.002207
0.002206
0.002205
0.002205
0.002204
0.002203
0.002202
0.002202
0.002201
0.002200
0.002200
0.002199
0.002198
0.002198
0.002197
0.002196
0.002196
0.002195
0.002194
0.002193
0.002193
0.002192
0.002191
0.002191
0.002190
0.002189
0.002189
0.002188
0.002187
0.002187
0.002186
0.002185
0.002185
0.002184
0.002183
0.002183
0.002182
0.002181
0.002181
0.002180
0.002179
0.002178
0.002178
0.002177
0.002176
0.002176
0.002175
0.002174
0.002174
0.002173
0.002172
0.002172
0.002171
0.002170
0.002170
0.002169
0.002168
0.002168
0.002167
0.002166
0.002166
0.002165
0.002164
0.002164
0.002163
0.002162
0.002162
0.002161
0.002160
0.002160
0.002159
0.002158
0.002158
0.002157
0.002156
0.002156
0.002155
0.002154
0.002154
0.002153
0.002152
0.002152
0.002151
0.002151
0.002150
0.002149
0.002149
0.002148
0.002147
0.002147
0.002146
0.002145
0.002145
0.002144
0.002143
0.002143
0.002142
0.002141
0.002141
0.002140
0.002139
0.002139
0.002138
0.002138
0.002137
0.002136
0.002136
0.002135
0.002134
0.002134
0.002133
0.002132
0.002132
0.002131
0.002130
0.002130
0.002129
0.002128
0.002128
0.002127
0.002127
0.002126
0.002125
0.002125
0.002124
0.002123
0.002123
0.002122
0.002121
0.002121
0.002120
0.002120
0.002119
0.002118
0.002118
0.002117
0.002116
0.002116
0.002115
0.002115
0.002114
0.002113
0.002113
0.002112
0.002111
0.002111
0.002110
0.002109
0.002109
0.002108
0.002108
0.002107
0.002106
0.002106
0.002105
0.002104
0.002104
0.002103
0.002103
0.002102
0.002101
0.002101
0.002100
0.002100
0.002099
0.002098
0.002098
0.002097
0.002096
0.002096
0.002095
0.002095
0.002094
0.002093
0.002093
0.002092
0.002091
0.002091
0.002090
0.002090
0.002089
0.002088
0.002088
0.002087
0.002087
0.002086
0.002085
0.002085
0.002084
0.002084
0.002083
0.002082
0.002082
0.002081
0.002080
0.002080
0.002079
0.002079
0.002078
0.002077
0.002077
0.002076
0.002076
0.002075
0.002074
0.002074
0.002073
0.002073
0.002072
0.002071
0.002071
0.002070
0.002070
0.002069
0.002068
0.002068
0.002067
0.002067
0.002066
0.002065
0.002065
0.002064
0.002064
0.002063
0.002062
0.002062
0.002061
0.002061
0.002060
0.002060
0.002059
0.002058
0.002058
0.002057
0.002057
0.002056
0.002055
0.002055
0.002054
0.002054
0.002053
0.002052
0.002052
0.002051
0.002051
0.002050
0.002049
0.002049
0.002048
0.002048
0.002047
0.002047
0.002046
0.002045
0.002045
0.002044
0.002044
0.002043
0.002042
0.002042
0.002041
0.002041
0.002040
0.002040
0.002039
0.002038
0.002038
0.002037
0.002037
0.002036
0.002036
0.002035
0.002034
0.002034
0.002033
0.002033
0.002032
0.002032
0.002031
0.002030
0.002030
0.002029
0.002029
0.002028
0.002027
0.002027
0.002026
0.002026
0.002025
0.002025
0.002024
0.002024
0.002023
0.002022
0.002022
0.002021
0.002021
0.002020
0.002020
0.002019
0.002018
0.002018
0.002017
0.002017
0.002016
0.002016
0.002015
0.002014
0.002014
0.002013
0.002013
0.002012
0.002012
0.002011
0.002011
0.002010
0.002009
0.002009
0.002008
0.002008
0.002007
0.002007
0.002006
0.002005
0.002005
0.002004
0.002004
0.002003
0.002003
0.002002
0.002002
0.002001
0.002000
0.002000
0.001999
0.001999
0.001998
0.001998
0.001997
0.001997
0.001996
0.001996
0.001995
0.001994
0.001994
0.001993
0.001993
0.001992
0.001992
0.001991
0.001991
0.001990
0.001989
0.001989
0.001988
0.001988
0.001987
0.001987
0.001986
0.001986
0.001985
0.001985
0.001984
0.001983
0.001983
0.001982
0.001982
0.001981
0.001981
0.001980
0.001980
0.001979
0.001979
0.001978
0.001978
0.001977
0.001976
0.001976
0.001975
0.001975
0.001974
0.001974
0.001973
0.001973
0.001972
0.001972
0.001971
0.001971
0.001970
0.001969
0.001969
0.001968
0.001968
0.001967
0.001967
0.001966
0.001966
0.001965
0.001965
0.001964
0.001964
0.001963
0.001963
0.001962
0.001962
0.001961
0.001960
0.001960
0.001959
0.001959
0.001958
0.001958
0.001957
0.001957
0.001956
0.001956
0.001955
0.001955
0.001954
0.001954
0.001953
0.001953
0.001952
0.001952
0.001951
0.001950
0.001950
0.001949
0.001949
0.001948
0.001948
0.001947
0.001947
0.001946
0.001946
0.001945
0.001945
0.001944
0.001944
0.001943
0.001943
0.001942
0.001942
0.001941
0.001941
0.001940
0.001940
0.001939
0.001939
0.001938
0.001938
0.001937
0.001936
0.001936
0.001935
0.001935
0.001934
0.001934
0.001933
0.001933
0.001932
0.001932
0.001931
0.001931
0.001930
0.001930
0.001929
0.001929
0.001928
0.001928
0.001927
0.001927
0.001926
0.001926
0.001925
0.001925
0.001924
0.001924
0.001923
0.001923
0.001922
0.001922
0.001921
0.001921
0.001920
0.001920
0.001919
0.001919
0.001918
0.001918
0.001917
0.001917
0.001916
0.001916
0.001915
0.001915
0.001914
0.001914
0.001913
0.001913
0.001912
0.001912
0.001911
0.001911
0.001910
0.001910
0.001909
0.001909
0.001908
0.001908
0.001907
0.001907
0.001906
0.001906
0.001905
0.001905
0.001904
0.001904
0.001903
0.001903
0.001902
0.001902
0.001901
0.001901
0.001900
0.001900
0.001899
0.001899
0.001898
0.001898
0.001897
0.001897
0.001896
0.001896
0.001895
0.001895
0.001894
0.001894
0.001893
0.001893
0.001893
0.001892
0.001892
0.001891
0.001891
0.001890
0.001890
0.001889
0.001889
0.001888
0.001888
0.001887
0.001887
0.001886
0.001886
0.001885
0.001885
0.001884
0.001884
0.001883
0.001883
0.001882
0.001882
0.001881
0.001881
0.001880
0.001880
0.001879
0.001879
0.001879
0.001878
0.001878
0.001877
0.001877
0.001876
0.001876
0.001875
0.001875
0.001874
0.001874
0.001873
0.001873
0.001872
0.001872
0.001871
0.001871
0.001870
0.001870
0.001869
0.001869
0.001869
0.001868
0.001868
0.001867
0.001867
0.001866
0.001866
0.001865
0.001865
0.001864
0.001864
0.001863
0.001863
0.001862
0.001862
0.001861
0.001861
0.001861
0.001860
0.001860
0.001859
0.001859
0.001858
0.001858
0.001857
0.001857
0.001856
0.001856
0.001855
0.001855
0.001854
0.001854
0.001854
0.001853
0.001853
0.001852
0.001852
0.001851
0.001851
0.001850
0.001850
0.001849
0.001849
0.001848
0.001848
0.001848
0.001847
0.001847
0.001846
0.001846
0.001845
0.001845
0.001844
0.001844
0.001843
0.001843
0.001843
0.001842
0.001842
0.001841
0.001841
0.001840
0.001840
0.001839
0.001839
0.001838
0.001838
0.001838
0.001837
0.001837
0.001836
0.001836
0.001835
0.001835
0.001834
0.001834
0.001833
0.001833
0.001833
0.001832
0.001832
0.001831
0.001831
0.001830
0.001830
0.001829
0.001829
0.001828
0.001828
0.001828
0.001827
0.001827
0.001826
0.001826
0.001825
0.001825
0.001824
0.001824
0.001824
0.001823
0.001823
0.001822
0.001822
0.001821
0.001821
0.001820
0.001820
0.001820
0.001819
0.001819
0.001818
0.001818
0.001817
0.001817
0.001816
0.001816
0.001816
0.001815
0.001815
0.001814
0.001814
0.001813
0.001813
0.001812
0.001812
0.001812
0.001811
0.001811
0.001810
0.001810
0.001809
0.001809
0.001809
0.001808
0.001808
0.001807
0.001807
0.001806
0.001806
0.001805
0.001805
0.001805
0.001804
0.001804
0.001803
0.001803
0.001802
0.001802
0.001802
0.001801
0.001801
0.001800
0.001800
0.001799
0.001799
0.001799
0.001798
0.001798
0.001797
0.001797
0.001796
0.001796
0.001795
0.001795
0.001795
0.001794
0.001794
0.001793
0.001793
0.001792
0.001792
0.001792
0.001791
0.001791
0.001790
0.001790
0.001789
0.001789
0.001789
0.001788
0.001788
0.001787
0.001787
0.001787
0.001786
0.001786
0.001785
0.001785
0.001784
0.001784
0.001784
0.001783
0.001783
0.001782
0.001782
0.001781
0.001781
0.001781
0.001780
0.001780
0.001779
0.001779
0.001778
0.001778
0.001778
0.001777
0.001777
0.001776
0.001776
0.001776
0.001775
0.001775
0.001774
0.001774
0.001773
0.001773
0.001773
0.001772
0.001772
0.001771
0.001771
0.001771
0.001770
0.001770
0.001769
0.001769
0.001768
0.001768
0.001768
0.001767
0.001767
0.001766
0.001766
0.001766
0.001765
0.001765
0.001764
0.001764
0.001763
0.001763
0.001763
0.001762
0.001762
0.001761
0.001761
0.001761
0.001760
0.001760
0.001759
0.001759
0.001759
0.001758
0.001758
0.001757
0.001757
0.001756
0.001756
0.001756
0.001755
0.001755
0.001754
0.001754
0.001754
0.001753
0.001753
0.001752
0.001752
0.001752
0.001751
0.001751
0.001750
0.001750
0.001750
0.001749
0.001749
0.001748
0.001748
0.001748
0.001747
0.001747
0.001746
0.001746
0.001746
0.001745
0.001745
0.001744
0.001744
0.001744
0.001743
0.001743
0.001742
0.001742
0.001742
0.001741
0.001741
0.001740
0.001740
0.001740
0.001739
0.001739
0.001738
0.001738
0.001738
0.001737
0.001737
0.001736
0.001736
0.001736
0.001735
0.001735
0.001734
0.001734
0.001734
0.001733
0.001733
0.001732
0.001732
0.001732
0.001731
0.001731
0.001730
0.001730
0.001730
0.001729
0.001729
0.001728
0.001728
0.001728
0.001727
0.001727
0.001726
0.001726
0.001726
0.001725
0.001725
0.001724
0.001724
0.001724
0.001723
0.001723
0.001723
0.001722
0.001722
0.001721
0.001721
0.001721
0.001720
0.001720
0.001719
0.001719
0.001719
0.001718
0.001718
0.001717
0.001717
0.001717
0.001716
0.001716
0.001716
0.001715
0.001715
0.001714
0.001714
0.001714
0.001713
0.001713
0.001712
0.001712
0.001712
0.001711
0.001711
0.001710
0.001710
0.001710
0.001709
0.001709
0.001709
0.001708
0.001708
0.001707
0.001707
0.001707
0.001706
0.001706
0.001706
0.001705
0.001705
0.001704
0.001704
0.001704
0.001703
0.001703
0.001702
0.001702
0.001702
0.001701
0.001701
0.001701
0.001700
0.001700
0.001699
0.001699
0.001699
0.001698
0.001698
0.001698
0.001697
0.001697
0.001696
0.001696
0.001696
0.001695
0.001695
0.001695
0.001694
0.001694
0.001693
0.001693
0.001693
0.001692
0.001692
0.001692
0.001691
0.001691
0.001690
0.001690
0.001690
0.001689
0.001689
0.001689
0.001688
0.001688
0.001687
0.001687
0.001687
0.001686
0.001686
0.001686
0.001685
0.001685
0.001684
0.001684
0.001684
0.001683
0.001683
0.001683
0.001682
0.001682
0.001681
0.001681
0.001681
0.001680
0.001680
0.001680
0.001679
0.001679
0.001679
0.001678
0.001678
0.001677
0.001677
0.001677
0.001676
0.001676
0.001676
0.001675
0.001675
0.001675
0.001674
0.001674
0.001673
0.001673
0.001673
0.001672
0.001672
0.001672
0.001671
0.001671
0.001670
0.001670
0.001670
0.001669
0.001669
0.001669
0.001668
0.001668
0.001668
0.001667
0.001667
0.001667
0.001666
0.001666
0.001665
0.001665
0.001665
0.001664
0.001664
0.001664
0.001663
0.001663
0.001663
0.001662
0.001662
0.001661
0.001661
0.001661
0.001660
0.001660
0.001660
0.001659
0.001659
0.001659
0.001658
0.001658
0.001658
0.001657
0.001657
0.001656
0.001656
0.001656
0.001655
0.001655
0.001655
0.001654
0.001654
0.001654
0.001653
0.001653
0.001653
0.001652
0.001652
0.001651
0.001651
0.001651
0.001650
0.001650
0.001650
0.001649
0.001649
0.001649
0.001648
0.001648
0.001648
0.001647
0.001647
0.001647
0.001646
0.001646
0.001645
0.001645
0.001645
0.001644
0.001644
0.001644
0.001643
0.001643
0.001643
0.001642
0.001642
0.001642
0.001641
0.001641
0.001641
0.001640
0.001640
0.001640
0.001639
0.001639
0.001638
0.001638
0.001638
0.001637
0.001637
0.001637
0.001636
0.001636
0.001636
0.001635
0.001635
0.001635
0.001634
0.001634
0.001634
0.001633
0.001633
0.001633
0.001632
0.001632
0.001632
0.001631
0.001631
0.001631
0.001630
0.001630
0.001630
0.001629
0.001629
0.001628
0.001628
0.001628
0.001627
0.001627
0.001627
0.001626
0.001626
0.001626
0.001625
0.001625
0.001625
0.001624
0.001624
0.001624
0.001623
0.001623
0.001623
0.001622
0.001622
0.001622
0.001621
0.001621
0.001621
0.001620
0.001620
0.001620
0.001619
0.001619
0.001619
0.001618
0.001618
0.001618
0.001617
0.001617
0.001617
0.001616
0.001616
0.001616
0.001615
0.001615
0.001615
0.001614
0.001614
0.001614
0.001613
0.001613
0.001613
0.001612
0.001612
0.001612
0.001611
0.001611
0.001611
0.001610
0.001610
0.001610
0.001609
0.001609
0.001609
0.001608
0.001608
0.001608
0.001607
0.001607
0.001607
0.001606
0.001606
0.001606
0.001605
0.001605
0.001605
0.001604
0.001604
0.001604
0.001603
0.001603
0.001603
0.001602
0.001602
0.001602
0.001601
0.001601
0.001601
0.001600
0.001600
0.001600
0.001599
0.001599
0.001599
0.001598
0.001598
0.001598
0.001597
0.001597
0.001597
0.001596
0.001596
0.001596
0.001595
0.001595
0.001595
0.001594
0.001594
0.001594
0.001593
0.001593
0.001593
0.001592
0.001592
0.001592
0.001591
0.001591
0.001591
0.001590
0.001590
0.001590
0.001589
0.001589
0.001589
0.001589
0.001588
0.001588
0.001588
0.001587
0.001587
0.001587
0.001586
0.001586
0.001586
0.001585
0.001585
0.001585
0.001584
0.001584
0.001584
0.001583
0.001583
0.001583
0.001582
0.001582
0.001582
0.001581
0.001581
0.001581
0.001580
0.001580
0.001580
0.001580
0.001579
0.001579
0.001579
0.001578
0.001578
0.001578
0.001577
0.001577
0.001577
0.001576
0.001576
0.001576
0.001575
0.001575
0.001575
0.001574
0.001574
0.001574
0.001573
0.001573
0.001573
0.001573
0.001572
0.001572
0.001572
0.001571
0.001571
0.001571
0.001570
0.001570
0.001570
0.001569
0.001569
0.001569
0.001568
0.001568
0.001568
0.001568
0.001567
0.001567
0.001567
0.001566
0.001566
0.001566
0.001565
0.001565
0.001565
0.001564
0.001564
0.001564
0.001563
0.001563
0.001563
0.001563
0.001562
0.001562
0.001562
0.001561
0.001561
0.001561
0.001560
0.001560
0.001560
0.001559
0.001559
0.001559
0.001558
0.001558
0.001558
0.001558
0.001557
0.001557
0.001557
0.001556
0.001556
0.001556
0.001555
0.001555
0.001555
0.001554
0.001554
0.001554
0.001554
0.001553
0.001553
0.001553
0.001552
0.001552
0.001552
0.001551
0.001551
0.001551
0.001550
0.001550
0.001550
0.001550
0.001549
0.001549
0.001549
0.001548
0.001548
0.001548
0.001547
0.001547
0.001547
0.001547
0.001546
0.001546
0.001546
0.001545
0.001545
0.001545
0.001544
0.001544
0.001544
0.001543
0.001543
0.001543
0.001543
0.001542
0.001542
0.001542
0.001541
0.001541
0.001541
0.001540
0.001540
0.001540
0.001540
0.001539
0.001539
0.001539
0.001538
0.001538
0.001538
0.001537
0.001537
0.001537
0.001537
0.001536
0.001536
0.001536
0.001535
0.001535
0.001535
0.001534
0.001534
0.001534
0.001534
0.001533
0.001533
0.001533
0.001532
0.001532
0.001532
0.001532
0.001531
0.001531
0.001531
0.001530
0.001530
0.001530
0.001529
0.001529
0.001529
0.001529
0.001528
0.001528
0.001528
0.001527
0.001527
0.001527
0.001526
0.001526
0.001526
0.001526
0.001525
0.001525
0.001525
0.001524
0.001524
0.001524
0.001524
0.001523
0.001523
0.001523
0.001522
0.001522
0.001522
0.001521
0.001521
0.001521
0.001521
0.001520
0.001520
0.001520
0.001519
0.001519
0.001519
0.001519
0.001518
0.001518
0.001518
0.001517
0.001517
0.001517
0.001517
0.001516
0.001516
0.001516
0.001515
0.001515
0.001515
0.001515
0.001514
0.001514
0.001514
0.001513
0.001513
0.001513
0.001512
0.001512
0.001512
0.001512
0.001511
0.001511
0.001511
0.001510
0.001510
0.001510
0.001510
0.001509
0.001509
0.001509
0.001508
0.001508
0.001508
0.001508
0.001507
0.001507
0.001507
0.001506
0.001506
0.001506
0.001506
0.001505
0.001505
0.001505
0.001504
0.001504
0.001504
0.001504
0.001503
0.001503
0.001503
0.001502
0.001502
0.001502
0.001502
0.001501
0.001501
0.001501
0.001500
0.001500
0.001500
0.001500
0.001499
0.001499
0.001499
0.001499
0.001498
0.001498
0.001498
0.001497
0.001497
0.001497
0.001497
0.001496
0.001496
0.001496
0.001495
0.001495
0.001495
0.001495
0.001494
0.001494
0.001494
0.001493
0.001493
0.001493
0.001493
0.001492
0.001492
0.001492
0.001491
0.001491
0.001491
0.001491
0.001490
0.001490
0.001490
0.001490
0.001489
0.001489
0.001489
0.001488
0.001488
0.001488
0.001488
0.001487
0.001487
0.001487
0.001486
0.001486
0.001486
0.001486
0.001485
0.001485
0.001485
0.001485
0.001484
0.001484
0.001484
0.001483
0.001483
0.001483
0.001483
0.001482
0.001482
0.001482
0.001482
0.001481
0.001481
0.001481
0.001480
0.001480
0.001480
0.001480
0.001479
0.001479
0.001479
0.001478
0.001478
0.001478
0.001478
0.001477
0.001477
0.001477
0.001477
0.001476
0.001476
0.001476
0.001475
0.001475
0.001475
0.001475
0.001474
0.001474
0.001474
0.001474
0.001473
0.001473
0.001473
0.001473
0.001472
0.001472
0.001472
0.001471
0.001471
0.001471
0.001471
0.001470
0.001470
0.001470
0.001470
0.001469
0.001469
0.001469
0.001468
0.001468
0.001468
0.001468
0.001467
0.001467
0.001467
0.001467
0.001466
0.001466
0.001466
0.001465
0.001465
0.001465
0.001465
0.001464
0.001464
0.001464
0.001464
0.001463
0.001463
0.001463
0.001463
0.001462
0.001462
0.001462
0.001461
0.001461
0.001461
0.001461
0.001460
0.001460
0.001460
0.001460
0.001459
0.001459
0.001459
0.001459
0.001458
0.001458
0.001458
0.001458
0.001457
0.001457
0.001457
0.001456
0.001456
0.001456
0.001456
0.001455
0.001455
0.001455
0.001455
0.001454
0.001454
0.001454
0.001454
0.001453
0.001453
0.001453
0.001453
0.001452
0.001452
0.001452
0.001451
0.001451
0.001451
0.001451
0.001450
0.001450
0.001450
0.001450
0.001449
0.001449
0.001449
0.001449
0.001448
0.001448
0.001448
0.001448
0.001447
0.001447
0.001447
0.001446
0.001446
0.001446
0.001446
0.001445
0.001445
0.001445
0.001445
0.001444
0.001444
0.001444
0.001444
0.001443
0.001443
0.001443
0.001443
0.001442
0.001442
0.001442
0.001442
0.001441
0.001441
0.001441
0.001441
0.001440
0.001440
0.001440
0.001440
0.001439
0.001439
0.001439
0.001438
0.001438
0.001438
0.001438
0.001437
0.001437
0.001437
0.001437
0.001436
0.001436
0.001436
0.001436
0.001435
0.001435
0.001435
0.001435
0.001434
0.001434
0.001434
0.001434
0.001433
0.001433
0.001433
0.001433
0.001432
0.001432
0.001432
0.001432
0.001431
0.001431
0.001431
0.001431
0.001430
0.001430
0.001430
0.001430
0.001429
0.001429
0.001429
0.001429
0.001428
0.001428
0.001428
0.001428
0.001427
0.001427
0.001427
0.001427
0.001426
0.001426
0.001426
0.001426
0.001425
0.001425
0.001425
0.001425
0.001424
0.001424
0.001424
0.001424
0.001423
0.001423
0.001423
0.001423
0.001422
0.001422
0.001422
0.001422
0.001421
0.001421
0.001421
0.001421
0.001420
0.001420
0.001420
0.001420
0.001419
0.001419
0.001419
0.001419
0.001418
0.001418
0.001418
0.001418
0.001417
0.001417
0.001417
0.001417
0.001416
0.001416
0.001416
0.001416
0.001415
0.001415
0.001415
0.001415
0.001414
0.001414
0.001414
0.001414
0.001413
0.001413
0.001413
0.001413
0.001412
0.001412
0.001412
0.001412
0.001411
0.001411
0.001411
0.001411
0.001410
0.001410
0.001410
0.001410
0.001409
0.001409
0.001409
0.001409
0.001408
0.001408
0.001408
0.001408
0.001407
0.001407
0.001407
0.001407
0.001407
0.001406
0.001406
0.001406
0.001406
0.001405
0.001405
0.001405
0.001405
0.001404
0.001404
0.001404
0.001404
0.001403
0.001403
0.001403
0.001403
0.001402
0.001402
0.001402
0.001402
0.001401
0.001401
0.001401
0.001401
0.001400
0.001400
0.001400
0.001400
0.001399
0.001399
0.001399
0.001399
0.001399
0.001398
0.001398
0.001398
0.001398
0.001397
0.001397
0.001397
0.001397
0.001396
0.001396
0.001396
0.001396
0.001395
0.001395
0.001395
0.001395
0.001394
0.001394
0.001394
0.001394
0.001393
0.001393
0.001393
0.001393
0.001393
0.001392
0.001392
0.001392
0.001392
0.001391
0.001391
0.001391
0.001391
0.001390
0.001390
0.001390
0.001390
0.001389
0.001389
0.001389
0.001389
0.001389
0.001388
0.001388
0.001388
0.001388
0.001387
0.001387
0.001387
0.001387
0.001386
0.001386
0.001386
0.001386
0.001385
0.001385
0.001385
0.001385
0.001385
0.001384
0.001384
0.001384
0.001384
0.001383
0.001383
0.001383
0.001383
0.001382
0.001382
0.001382
0.001382
0.001381
0.001381
0.001381
0.001381
0.001381
0.001380
0.001380
0.001380
0.001380
0.001379
0.001379
0.001379
0.001379
0.001378
0.001378
0.001378
0.001378
0.001378
0.001377
0.001377
0.001377
0.001377
0.001376
0.001376
0.001376
0.001376
0.001375
0.001375
0.001375
0.001375
0.001375
0.001374
0.001374
0.001374
0.001374
0.001373
0.001373
0.001373
0.001373
0.001372
0.001372
0.001372
0.001372
0.001372
0.001371
0.001371
0.001371
0.001371
0.001370
0.001370
0.001370
0.001370
0.001369
0.001369
0.001369
0.001369
0.001369
0.001368
0.001368
0.001368
0.001368
0.001367
0.001367
0.001367
0.001367
0.001366
0.001366
0.001366
0.001366
0.001366
0.001365
0.001365
0.001365
0.001365
0.001364
0.001364
0.001364
0.001364
0.001364
0.001363
0.001363
0.001363
0.001363
0.001362
0.001362
0.001362
0.001362
0.001361
0.001361
0.001361
0.001361
0.001361
0.001360
0.001360
0.001360
0.001360
0.001359
0.001359
0.001359
0.001359
0.001359
0.001358
0.001358
0.001358
0.001358
0.001357
0.001357
0.001357
0.001357
0.001357
0.001356
0.001356
0.001356
0.001356
0.001355
0.001355
0.001355
0.001355
0.001355
0.001354
0.001354
0.001354
0.001354
0.001353
0.001353
0.001353
0.001353
0.001353
0.001352
0.001352
0.001352
0.001352
0.001351
0.001351
0.001351
0.001351
0.001351
0.001350
0.001350
0.001350
0.001350
0.001349
0.001349
0.001349
0.001349
0.001349
0.001348
0.001348
0.001348
0.001348
0.001347
0.001347
0.001347
0.001347
0.001347
0.001346
0.001346
0.001346
0.001346
0.001345
0.001345
0.001345
0.001345
0.001345
0.001344
0.001344
0.001344
0.001344
0.001343
0.001343
0.001343
0.001343
0.001343
0.001342
0.001342
0.001342
0.001342
0.001342
0.001341
0.001341
0.001341
0.001341
0.001340
0.001340
0.001340
0.001340
0.001340
0.001339
0.001339
0.001339
0.001339
0.001338
0.001338
0.001338
0.001338
0.001338
0.001337
0.001337
0.001337
0.001337
0.001337
0.001336
0.001336
0.001336
0.001336
0.001335
0.001335
0.001335
0.001335
0.001335
0.001334
0.001334
0.001334
0.001334
0.001334
0.001333
0.001333
0.001333
0.001333
0.001332
0.001332
0.001332
0.001332
0.001332
0.001331
0.001331
0.001331
0.001331
0.001331
0.001330
0.001330
0.001330
0.001330
0.001329
0.001329
0.001329
0.001329
0.001329
0.001328
0.001328
0.001328
0.001328
0.001328
0.001327
0.001327
0.001327
0.001327
0.001326
0.001326
0.001326
0.001326
0.001326
0.001325
0.001325
0.001325
0.001325
0.001325
0.001324
0.001324
0.001324
0.001324
0.001324
0.001323
0.001323
0.001323
0.001323
0.001322
0.001322
0.001322
0.001322
0.001322
0.001321
0.001321
0.001321
0.001321
0.001321
0.001320
0.001320
0.001320
0.001320
0.001320
0.001319
0.001319
0.001319
0.001319
0.001318
0.001318
0.001318
0.001318
0.001318
0.001317
0.001317
0.001317
0.001317
0.001317
0.001316
0.001316
0.001316
0.001316
0.001316
0.001315
0.001315
0.001315
0.001315
0.001314
0.001314
0.001314
0.001314
0.001314
0.001313
0.001313
0.001313
0.001313
0.001313
0.001312
0.001312
0.001312
0.001312
0.001312
0.001311
0.001311
0.001311
0.001311
0.001311
0.001310
0.001310
0.001310
0.001310
0.001310
0.001309
0.001309
0.001309
0.001309
0.001308
0.001308
0.001308
0.001308
0.001308
0.001307
0.001307
0.001307
0.001307
0.001307
0.001306
0.001306
0.001306
0.001306
0.001306
0.001305
0.001305
0.001305
0.001305
0.001305
0.001304
0.001304
0.001304
0.001304
0.001304
0.001303
0.001303
0.001303
0.001303
0.001303
0.001302
0.001302
0.001302
0.001302
0.001302
0.001301
0.001301
0.001301
0.001301
0.001301
0.001300
0.001300
0.001300
0.001300
0.001300
0.001299
0.001299
0.001299
0.001299
0.001299
0.001298
0.001298
0.001298
0.001298
0.001297
0.001297
0.001297
0.001297
0.001297
0.001296
0.001296
0.001296
0.001296
0.001296
0.001295
0.001295
0.001295
0.001295
0.001295
0.001294
0.001294
0.001294
0.001294
0.001294
0.001293
0.001293
0.001293
0.001293
0.001293
0.001292
0.001292
0.001292
0.001292
0.001292
0.001291
0.001291
0.001291
0.001291
0.001291
0.001290
0.001290
0.001290
0.001290
0.001290
0.001289
0.001289
0.001289
0.001289
0.001289
0.001288
0.001288
0.001288
0.001288
0.001288
0.001288
0.001287
0.001287
0.001287
0.001287
0.001287
0.001286
0.001286
0.001286
0.001286
0.001286
0.001285
0.001285
0.001285
0.001285
0.001285
0.001284
0.001284
0.001284
0.001284
0.001284
0.001283
0.001283
0.001283
0.001283
0.001283
0.001282
0.001282
0.001282
0.001282
0.001282
0.001281
0.001281
0.001281
0.001281
0.001281
0.001280
0.001280
0.001280
0.001280
0.001280
0.001279
0.001279
0.001279
0.001279
0.001279
0.001278
0.001278
0.001278
0.001278
0.001278
0.001277
0.001277
0.001277
0.001277
0.001277
0.001277
0.001276
0.001276
0.001276
0.001276
0.001276
0.001275
0.001275
0.001275
0.001275
0.001275
0.001274
0.001274
0.001274
0.001274
0.001274
0.001273
0.001273
0.001273
0.001273
0.001273
0.001272
0.001272
0.001272
0.001272
0.001272
0.001271
0.001271
0.001271
0.001271
0.001271
0.001271
0.001270
0.001270
0.001270
0.001270
0.001270
0.001269
0.001269
0.001269
0.001269
0.001269
0.001268
0.001268
0.001268
0.001268
0.001268
0.001267
0.001267
0.001267
0.001267
0.001267
0.001267
0.001266
0.001266
0.001266
0.001266
0.001266
0.001265
0.001265
0.001265
0.001265
0.001265
0.001264
0.001264
0.001264
0.001264
0.001264
0.001263
0.001263
