1.000000
0.490098
0.274470
0.184588
0.140601
0.115000
0.098099
0.085996
0.076845
0.069655
0.063839
0.059027
0.054972
0.051504
0.048499
0.045869
0.043544
0.041473
0.039615
0.037938
0.036416
0.035027
0.033754
0.032583
0.031501
0.030499
0.029567
0.028698
0.027886
0.027124
0.026409
0.025737
0.025102
0.024502
0.023935
0.023396
0.022885
0.022399
0.021936
0.021495
0.021074
0.020671
0.020285
0.019916
0.019562
0.019222
0.018896
0.018582
0.018279
0.017988
0.017708
0.017437
0.017176
0.016923
0.016679
0.016443
0.016215
0.015994
0.015779
0.015571
0.015370
0.015174
0.014984
0.014799
0.014620
0.014445
0.014276
0.014111
0.013950
0.013793
0.013640
0.013492
0.013347
0.013205
0.013067
0.012932
0.012801
0.012672
0.012546
0.012424
0.012304
0.012186
0.012072
0.011959
0.011849
0.011742
0.011636
0.011533
0.011432
0.011333
0.011236
0.011140
0.011047
0.010956
0.010866
0.010778
0.010691
0.010606
0.010523
0.010441
0.010360
0.010281
0.010204
0.010128
0.010053
0.009979
0.009907
0.009835
0.009765
0.009696
0.009629
0.009562
0.009496
0.009432
0.009368
0.009305
0.009244
0.009183
0.009123
0.009064
0.009006
0.008949
0.008893
0.008837
0.008783
0.008729
0.008676
0.008623
0.008571
0.008520
0.008470
0.008420
0.008372
0.008323
0.008276
0.008229
0.008182
0.008136
0.008091
0.008047
0.008002
0.007959
0.007916
0.007874
0.007832
0.007790
0.007749
0.007709
0.007669
0.007630
0.007591
0.007552
0.007514
0.007477
0.007439
0.007403
0.007366
0.007330
0.007295
0.007260
0.007225
0.007191
0.007157
0.007123
0.007090
0.007057
0.007024
0.006992
0.006960
0.006929
0.006898
0.006867
0.006836
0.006806
0.006776
0.006747
0.006717
0.006688
0.006660
0.006631
0.006603
0.006575
0.006547
0.006520
0.006493
0.006466
0.006440
0.006413
0.006387
0.006361
0.006336
0.006310
0.006285
0.006260
0.006236
0.006211
0.006187
0.006163
0.006139
0.006116
0.006093
0.006069
0.006046
0.006024
0.006001
0.005979
0.005957
0.005935
0.005913
0.005891
0.005870
0.005849
0.005828
0.005807
0.005786
0.005765
0.005745
0.005725
0.005705
0.005685
0.005665
0.005646
0.005626
0.005607
0.005588
0.005569
0.005550
0.005532
0.005513
0.005495
0.005476
0.005458
0.005440
0.005423
0.005405
0.005387
0.005370
0.005353
0.005336
0.005319
0.005302
0.005285
0.005268
0.005252
0.005235
0.005219
0.005203
0.005187
0.005171
0.005155
0.005139
0.005124
0.005108
0.005093
0.005078
0.005062
0.005047
0.005032
0.005017
0.005003
0.004988
0.004974
0.004959
0.004945
0.004930
0.004916
0.004902
0.004888
0.004874
0.004860
0.004847
0.004833
0.004820
0.004806
0.004793
0.004780
0.004766
0.004753
0.004740
0.004727
0.004714
0.004702
0.004689
0.004676
0.004664
0.004651
0.004639
0.004627
0.004614
0.004602
0.004590
0.004578
0.004566
0.004554
0.004543
0.004531
0.004519
0.004508
0.004496
0.004485
0.004473
0.004462
0.004451
0.004440
0.004429
0.004417
0.004406
0.004396
0.004385
0.004374
0.004363
0.004352
0.004342
0.004331
0.004321
0.004310
0.004300
0.004290
0.004279
0.004269
0.004259
0.004249
0.004239
0.004229
0.004219
0.004209
0.004199
0.004190
0.004180
0.004170
0.004161
0.004151
0.004142
0.004132
0.004123
0.004113
0.004104
0.004095
0.004086
0.004076
0.004067
0.004058
0.004049
0.004040
0.004031
0.004022
0.004014
0.004005
0.003996
0.003987
0.003979
0.003970
0.003961
0.003953
0.003944
0.003936
0.003928
0.003919
0.003911
0.003903
0.003894
0.003886
0.003878
0.003870
0.003862
0.003854
0.003846
0.003838
0.003830
0.003822
0.003814
0.003806
0.003799
0.003791
0.003783
0.003775
0.003768
0.003760
0.003753
0.003745
0.003738
0.003730
0.003723
0.003715
0.003708
0.003701
0.003694
0.003686
0.003679
0.003672
0.003665
0.003658
0.003650
0.003643
0.003636
0.003629
0.003622
0.003616
0.003609
0.003602
0.003595
0.003588
0.003581
0.003575
0.003568
0.003561
0.003555
0.003548
0.003541
0.003535
0.003528
0.003522
0.003515
0.003509
0.003502
0.003496
0.003489
0.003483
0.003477
0.003471
0.003464
0.003458
0.003452
0.003446
0.003439
0.003433
0.003427
0.003421
0.003415
0.003409
0.003403
0.003397
0.003391
0.003385
0.003379
0.003373
0.003367
0.003361
0.003356
0.003350
0.003344
0.003338
0.003333
0.003327
0.003321
0.003316
0.003310
0.003304
0.003299
0.003293
0.003288
0.003282
0.003276
0.003271
0.003266
0.003260
0.003255
0.003249
0.003244
0.003239
0.003233
0.003228
0.003223
0.003217
0.003212
0.003207
0.003202
0.003196
0.003191
0.003186
0.003181
0.003176
0.003171
0.003166
0.003160
0.003155
0.003150
0.003145
0.003140
0.003135
0.003130
0.003126
0.003121
0.003116
0.003111
0.003106
0.003101
0.003096
0.003091
0.003087
0.003082
0.003077
0.003072
0.003068
0.003063
0.003058
0.003054
0.003049
0.003044
0.003040
0.003035
0.003030
0.003026
0.003021
0.003017
0.003012
0.003008
0.003003
0.002999
0.002994
0.002990
0.002985
0.002981
0.002977
0.002972
0.002968
0.002963
0.002959
0.002955
0.002950
0.002946
0.002942
0.002938
0.002933
0.002929
0.002925
0.002921
0.002916
0.002912
0.002908
0.002904
0.002900
0.002896
0.002892
0.002887
0.002883
0.002879
0.002875
0.002871
0.002867
0.002863
0.002859
0.002855
0.002851
0.002847
0.002843
0.002839
0.002835
0.002831
0.002827
0.002824
0.002820
0.002816
0.002812
0.002808
0.002804
0.002800
0.002797
0.002793
0.002789
0.002785
0.002781
0.002778
0.002774
0.002770
0.002767
0.002763
0.002759
0.002755
0.002752
0.002748
0.002744
0.002741
0.002737
0.002734
0.002730
0.002726
0.002723
0.002719
0.002716
0.002712
0.002709
0.002705
0.002702
0.002698
0.002695
0.002691
0.002688
0.002684
0.002681
0.002677
0.002674
0.002670
0.002667
0.002664
0.002660
0.002657
0.002653
0.002650
0.002647
0.002643
0.002640
0.002637
0.002633
0.002630
0.002627
0.002624
0.002620
0.002617
0.002614
0.002611
0.002607
0.002604
0.002601
0.002598
0.002594
0.002591
0.002588
0.002585
0.002582
0.002579
0.002575
0.002572
0.002569
0.002566
0.002563
0.002560
0.002557
0.002554
0.002551
0.002548
0.002544
0.002541
0.002538
0.002535
0.002532
0.002529
0.002526
0.002523
0.002520
0.002517
0.002514
0.002511
0.002508
0.002505
0.002503
0.002500
0.002497
0.002494
0.002491
0.002488
0.002485
0.002482
0.002479
0.002476
0.002474
0.002471
0.002468
0.002465
0.002462
0.002459
0.002457
0.002454
0.002451
0.002448
0.002445
0.002443
0.002440
0.002437
0.002434
0.002432
0.002429
0.002426
0.002423
0.002421
0.002418
0.002415
0.002412
0.002410
0.002407
0.002404
0.002402
0.002399
0.002396
0.002394
0.002391
0.002388
0.002386
0.002383
0.002381
0.002378
0.002375
0.002373
0.002370
0.002368
0.002365
0.002362
0.002360
0.002357
0.002355
0.002352
0.002350
0.002347
0.002345
0.002342
0.002340
0.002337
0.002335
0.002332
0.002330
0.002327
0.002325
0.002322
0.002320
0.002317
0.002315
0.002312
0.002310
0.002307
0.002305
0.002303
0.002300
0.002298
0.002295
0.002293
0.002291
0.002288
0.002286
0.002283
0.002281
0.002279
0.002276
0.002274
0.002272
0.002269
0.002267
0.002265
0.002262
0.002260
0.002258
0.002255
0.002253
0.002251
0.002248
0.002246
0.002244
0.002242
0.002239
0.002237
0.002235
0.002233
0.002230
0.002228
0.002226
0.002224
0.002221
0.002219
0.002217
0.002215
0.002212
0.002210
0.002208
0.002206
0.002204
0.002202
0.002199
0.002197
0.002195
0.002193
0.002191
0.002189
0.002186
0.002184
0.002182
0.002180
0.002178
0.002176
0.002174
0.002171
0.002169
0.002167
0.002165
0.002163
0.002161
0.002159
0.002157
0.002155
0.002153
0.002151
0.002149
0.002146
0.002144
0.002142
0.002140
0.002138
0.002136
0.002134
0.002132
0.002130
0.002128
0.002126
0.002124
0.002122
0.002120
0.002118
0.002116
0.002114
0.002112
0.002110
0.002108
0.002106
0.002104
0.002102
0.002100
0.002098
0.002096
0.002095
0.002093
0.002091
0.002089
0.002087
0.002085
0.002083
0.002081
0.002079
0.002077
0.002075
0.002073
0.002072
0.002070
0.002068
0.002066
0.002064
0.002062
0.002060
0.002058
0.002057
0.002055
0.002053
0.002051
0.002049
0.002047
0.002045
0.002044
0.002042
0.002040
0.002038
0.002036
0.002034
0.002033
0.002031
0.002029
0.002027
0.002025
0.002024
0.002022
0.002020
0.002018
0.002017
0.002015
0.002013
0.002011
0.002009
0.002008
0.002006
0.002004
0.002002
0.002001
0.001999
0.001997
0.001995
0.001994
0.001992
0.001990
0.001989
0.001987
0.001985
0.001983
0.001982
0.001980
0.001978
0.001977
0.001975
0.001973
0.001972
0.001970
0.001968
0.001966
0.001965
0.001963
0.001961
0.001960
0.001958
0.001956
0.001955
0.001953
0.001952
0.001950
0.001948
0.001947
0.001945
0.001943
0.001942
0.001940
0.001938
0.001937
0.001935
0.001934
0.001932
0.001930
0.001929
0.001927
0.001926
0.001924
0.001922
0.001921
0.001919
0.001918
0.001916
0.001914
0.001913
0.001911
0.001910
0.001908
0.001907
0.001905
0.001904
0.001902
0.001900
0.001899
0.001897
0.001896
0.001894
0.001893
0.001891
0.001890
0.001888
0.001887
0.001885
0.001884
0.001882
0.001881
0.001879
0.001878
0.001876
0.001875
0.001873
0.001872
0.001870
0.001869
0.001867
0.001866
0.001864
0.001863
0.001861
0.001860
0.001858
0.001857
0.001855
0.001854
0.001852
0.001851
0.001849
0.001848
0.001847
0.001845
0.001844
0.001842
0.001841
0.001839
0.001838
0.001836
0.001835
0.001834
0.001832
0.001831
0.001829
0.001828
0.001827
0.001825
0.001824
0.001822
0.001821
0.001820
0.001818
0.001817
0.001815
0.001814
0.001813
0.001811
0.001810
0.001808
0.001807
0.001806
0.001804
0.001803
0.001802
0.001800
0.001799
0.001797
0.001796
0.001795
0.001793
0.001792
0.001791
0.001789
0.001788
0.001787
0.001785
0.001784
0.001783
0.001781
0.001780
0.001779
0.001777
0.001776
0.001775
0.001773
0.001772
0.001771
0.001769
0.001768
0.001767
0.001765
0.001764
0.001763
0.001762
0.001760
0.001759
0.001758
0.001756
0.001755
0.001754
0.001753
0.001751
0.001750
0.001749
0.001747
0.001746
0.001745
0.001744
0.001742
0.001741
0.001740
0.001739
0.001737
0.001736
0.001735
0.001734
0.001732
0.001731
0.001730
0.001729
0.001727
0.001726
0.001725
0.001724
0.001722
0.001721
0.001720
0.001719
0.001717
0.001716
0.001715
0.001714
0.001713
0.001711
0.001710
0.001709
0.001708
0.001707
0.001705
0.001704
0.001703
0.001702
0.001701
0.001699
0.001698
0.001697
0.001696
0.001695
0.001693
0.001692
0.001691
0.001690
0.001689
0.001688
0.001686
0.001685
0.001684
0.001683
0.001682
0.001681
0.001679
0.001678
0.001677
0.001676
0.001675
0.001674
0.001672
0.001671
0.001670
0.001669
0.001668
0.001667
0.001666
0.001664
0.001663
0.001662
0.001661
0.001660
0.001659
0.001658
0.001657
0.001655
0.001654
0.001653
0.001652
0.001651
0.001650
0.001649
0.001648
0.001646
0.001645
0.001644
0.001643
0.001642
0.001641
0.001640
0.001639
0.001638
0.001637
0.001635
0.001634
0.001633
0.001632
0.001631
0.001630
0.001629
0.001628
0.001627
0.001626
0.001625
0.001624
0.001622
0.001621
0.001620
0.001619
0.001618
0.001617
0.001616
0.001615
0.001614
0.001613
0.001612
0.001611
0.001610
0.001609
0.001608
0.001607
0.001606
0.001605
0.001603
0.001602
0.001601
0.001600
0.001599
0.001598
0.001597
0.001596
0.001595
0.001594
0.001593
0.001592
0.001591
0.001590
0.001589
0.001588
0.001587
0.001586
0.001585
0.001584
0.001583
0.001582
0.001581
0.001580
0.001579
0.001578
0.001577
0.001576
0.001575
0.001574
0.001573
0.001572
0.001571
0.001570
0.001569
0.001568
0.001567
0.001566
0.001565
0.001564
0.001563
0.001562
0.001561
0.001560
0.001559
0.001558
0.001557
0.001556
0.001555
0.001554
0.001553
0.001552
0.001551
0.001550
0.001549
0.001548
0.001547
0.001547
0.001546
0.001545
0.001544
0.001543
0.001542
0.001541
0.001540
0.001539
0.001538
0.001537
0.001536
0.001535
0.001534
0.001533
0.001532
0.001531
0.001530
0.001529
0.001529
0.001528
0.001527
0.001526
0.001525
0.001524
0.001523
0.001522
0.001521
0.001520
0.001519
0.001518
0.001517
0.001517
0.001516
0.001515
0.001514
0.001513
0.001512
0.001511
0.001510
0.001509
0.001508
0.001507
0.001507
0.001506
0.001505
0.001504
0.001503
0.001502
0.001501
0.001500
0.001499
0.001498
0.001498
0.001497
0.001496
0.001495
0.001494
0.001493
0.001492
0.001491
0.001491
0.001490
0.001489
0.001488
0.001487
0.001486
0.001485
0.001484
0.001484
0.001483
0.001482
0.001481
0.001480
0.001479
0.001478
0.001477
0.001477
0.001476
0.001475
0.001474
0.001473
0.001472
0.001471
0.001471
0.001470
0.001469
0.001468
0.001467
0.001466
0.001466
0.001465
0.001464
0.001463
0.001462
0.001461
0.001460
0.001460
0.001459
0.001458
0.001457
0.001456
0.001455
0.001455
0.001454
0.001453
0.001452
0.001451
0.001451
0.001450
0.001449
0.001448
0.001447
0.001446
0.001446
0.001445
0.001444
0.001443
0.001442
0.001441
0.001441
0.001440
0.001439
0.001438
0.001437
0.001437
0.001436
0.001435
0.001434
0.001433
0.001433
0.001432
0.001431
0.001430
0.001429
0.001429
0.001428
0.001427
0.001426
0.001425
0.001425
0.001424
0.001423
0.001422
0.001421
0.001421
0.001420
0.001419
0.001418
0.001418
0.001417
0.001416
0.001415
0.001414
0.001414
0.001413
0.001412
0.001411
0.001411
0.001410
0.001409
0.001408
0.001407
0.001407
0.001406
0.001405
0.001404
0.001404
0.001403
0.001402
0.001401
0.001401
0.001400
0.001399
0.001398
0.001398
0.001397
0.001396
0.001395
0.001395
0.001394
0.001393
0.001392
0.001392
0.001391
0.001390
0.001389
0.001389
0.001388
0.001387
0.001386
0.001386
0.001385
0.001384
0.001383
0.001383
0.001382
0.001381
0.001380
0.001380
0.001379
0.001378
0.001377
0.001377
0.001376
0.001375
0.001375
0.001374
0.001373
0.001372
0.001372
0.001371
0.001370
0.001369
0.001369
0.001368
0.001367
0.001367
0.001366
0.001365
0.001364
0.001364
0.001363
0.001362
0.001362
0.001361
0.001360
0.001359
0.001359
0.001358
0.001357
0.001357
0.001356
0.001355
0.001355
0.001354
0.001353
0.001352
0.001352
0.001351
0.001350
0.001350
0.001349
0.001348
0.001348
0.001347
0.001346
0.001345
0.001345
0.001344
0.001343
0.001343
0.001342
0.001341
0.001341
0.001340
0.001339
0.001339
0.001338
0.001337
0.001337
0.001336
0.001335
0.001334
0.001334
0.001333
0.001332
0.001332
0.001331
0.001330
0.001330
0.001329
0.001328
0.001328
0.001327
0.001326
0.001326
0.001325
0.001324
0.001324
0.001323
0.001322
0.001322
0.001321
0.001320
0.001320
0.001319
0.001318
0.001318
0.001317
0.001316
0.001316
0.001315
0.001314
0.001314
0.001313
0.001312
0.001312
0.001311
0.001311
0.001310
0.001309
0.001309
0.001308
0.001307
0.001307
0.001306
0.001305
0.001305
0.001304
0.001303
0.001303
0.001302
0.001301
0.001301
0.001300
0.001300
0.001299
0.001298
0.001298
0.001297
0.001296
0.001296
0.001295
0.001294
0.001294
0.001293
0.001293
0.001292
0.001291
0.001291
0.001290
0.001289
0.001289
0.001288
0.001288
0.001287
0.001286
0.001286
0.001285
0.001284
0.001284
0.001283
0.001283
0.001282
0.001281
0.001281
0.001280
0.001279
0.001279
0.001278
0.001278
0.001277
0.001276
0.001276
0.001275
0.001275
0.001274
0.001273
0.001273
0.001272
0.001272
0.001271
0.001270
0.001270
0.001269
0.001268
0.001268
0.001267
0.001267
0.001266
0.001265
0.001265
0.001264
0.001264
0.001263
0.001262
0.001262
0.001261
0.001261
0.001260
0.001260
0.001259
0.001258
0.001258
0.001257
0.001257
0.001256
0.001255
0.001255
0.001254
0.001254
0.001253
0.001252
0.001252
0.001251
0.001251
0.001250
0.001249
0.001249
0.001248
0.001248
0.001247
0.001247
0.001246
0.001245
0.001245
0.001244
0.001244
0.001243
0.001243
0.001242
0.001241
0.001241
0.001240
0.001240
0.001239
0.001239
0.001238
0.001237
0.001237
0.001236
0.001236
0.001235
0.001235
0.001234
0.001233
0.001233
0.001232
0.001232
0.001231
0.001231
0.001230
0.001229
0.001229
0.001228
0.001228
0.001227
0.001227
0.001226
0.001226
0.001225
0.001224
0.001224
0.001223
0.001223
0.001222
0.001222
0.001221
0.001221
0.001220
0.001219
0.001219
0.001218
0.001218
0.001217
0.001217
0.001216
0.001216
0.001215
0.001215
0.001214
0.001213
0.001213
0.001212
0.001212
0.001211
0.001211
0.001210
0.001210
0.001209
0.001209
0.001208
0.001207
0.001207
0.001206
0.001206
0.001205
0.001205
0.001204
0.001204
0.001203
0.001203
0.001202
0.001202
0.001201
0.001201
0.001200
0.001199
0.001199
0.001198
0.001198
0.001197
0.001197
0.001196
0.001196
0.001195
0.001195
0.001194
0.001194
0.001193
0.001193
0.001192
0.001192
0.001191
0.001191
0.001190
0.001189
0.001189
0.001188
0.001188
0.001187
0.001187
0.001186
0.001186
0.001185
0.001185
0.001184
0.001184
0.001183
0.001183
0.001182
0.001182
0.001181
0.001181
0.001180
0.001180
0.001179
0.001179
0.001178
0.001178
0.001177
0.001177
0.001176
0.001176
0.001175
0.001175
0.001174
0.001174
0.001173
0.001173
0.001172
0.001172
0.001171
0.001171
0.001170
0.001170
0.001169
0.001169
0.001168
0.001168
0.001167
0.001167
0.001166
0.001166
0.001165
0.001165
0.001164
0.001164
0.001163
0.001163
0.001162
0.001162
0.001161
0.001161
0.001160
0.001160
0.001159
0.001159
0.001158
0.001158
0.001157
0.001157
0.001156
0.001156
0.001155
0.001155
0.001154
0.001154
0.001153
0.001153
0.001152
0.001152
0.001151
0.001151
0.001150
0.001150
0.001150
0.001149
0.001149
0.001148
0.001148
0.001147
0.001147
0.001146
0.001146
0.001145
0.001145
0.001144
0.001144
0.001143
0.001143
0.001142
0.001142
0.001141
0.001141
0.001140
0.001140
0.001140
0.001139
0.001139
0.001138
0.001138
0.001137
0.001137
0.001136
0.001136
0.001135
0.001135
0.001134
0.001134
0.001133
0.001133
0.001133
0.001132
0.001132
0.001131
0.001131
0.001130
0.001130
0.001129
0.001129
0.001128
0.001128
0.001127
0.001127
0.001127
0.001126
0.001126
0.001125
0.001125
0.001124
0.001124
0.001123
0.001123
0.001122
0.001122
0.001122
0.001121
0.001121
0.001120
0.001120
0.001119
0.001119
0.001118
0.001118
0.001117
0.001117
0.001117
0.001116
0.001116
0.001115
0.001115
0.001114
0.001114
0.001113
0.001113
0.001113
0.001112
0.001112
0.001111
0.001111
0.001110
0.001110
0.001109
0.001109
0.001109
0.001108
0.001108
0.001107
0.001107
0.001106
0.001106
0.001105
0.001105
0.001105
0.001104
0.001104
0.001103
0.001103
0.001102
0.001102
0.001102
0.001101
0.001101
0.001100
0.001100
0.001099
0.001099
0.001099
0.001098
0.001098
0.001097
0.001097
0.001096
0.001096
0.001096
0.001095
0.001095
0.001094
0.001094
0.001093
0.001093
0.001093
0.001092
0.001092
0.001091
0.001091
0.001090
0.001090
0.001090
0.001089
0.001089
0.001088
0.001088
0.001087
0.001087
0.001087
0.001086
0.001086
0.001085
0.001085
0.001084
0.001084
0.001084
0.001083
0.001083
0.001082
0.001082
0.001082
0.001081
0.001081
0.001080
0.001080
0.001079
0.001079
0.001079
0.001078
0.001078
0.001077
0.001077
0.001077
0.001076
0.001076
0.001075
0.001075
0.001075
0.001074
0.001074
0.001073
0.001073
0.001072
0.001072
0.001072
0.001071
0.001071
0.001070
0.001070
0.001070
0.001069
0.001069
0.001068
0.001068
0.001068
0.001067
0.001067
0.001066
0.001066
0.001066
0.001065
0.001065
0.001064
0.001064
0.001064
0.001063
0.001063
0.001062
0.001062
0.001062
0.001061
0.001061
0.001060
0.001060
0.001060
0.001059
0.001059
0.001058
0.001058
0.001058
0.001057
0.001057
0.001056
0.001056
0.001056
0.001055
0.001055
0.001054
0.001054
0.001054
0.001053
0.001053
0.001053
0.001052
0.001052
0.001051
0.001051
0.001051
0.001050
0.001050
0.001049
0.001049
0.001049
0.001048
0.001048
0.001047
0.001047
0.001047
0.001046
0.001046
0.001046
0.001045
0.001045
0.001044
0.001044
0.001044
0.001043
0.001043
0.001042
0.001042
0.001042
0.001041
0.001041
0.001041
0.001040
0.001040
0.001039
0.001039
0.001039
0.001038
0.001038
0.001038
0.001037
0.001037
0.001036
0.001036
0.001036
0.001035
0.001035
0.001035
0.001034
0.001034
0.001033
0.001033
0.001033
0.001032
0.001032
0.001032
0.001031
0.001031
0.001030
0.001030
0.001030
0.001029
0.001029
0.001029
0.001028
0.001028
0.001027
0.001027
0.001027
0.001026
0.001026
0.001026
0.001025
0.001025
0.001024
0.001024
0.001024
0.001023
0.001023
0.001023
0.001022
0.001022
0.001022
0.001021
0.001021
0.001020
0.001020
0.001020
0.001019
0.001019
0.001019
0.001018
0.001018
0.001018
0.001017
0.001017
0.001016
0.001016
0.001016
0.001015
0.001015
0.001015
0.001014
0.001014
0.001014
0.001013
0.001013
0.001013
0.001012
0.001012
0.001011
0.001011
0.001011
0.001010
0.001010
0.001010
0.001009
0.001009
0.001009
0.001008
0.001008
0.001008
0.001007
0.001007
0.001007
0.001006
0.001006
0.001005
0.001005
0.001005
0.001004
0.001004
0.001004
0.001003
0.001003
0.001003
0.001002
0.001002
0.001002
0.001001
0.001001
0.001001
0.001000
0.001000
